100
0 1 18
0 2 9
0 3 18
0 4 18
0 5 14
0 6 12
0 7 20
0 9 16
0 10 17
0 11 11
0 13 12
0 14 17
0 15 9
0 19 16
0 20 4
0 22 5
0 23 19
0 24 18
0 25 4
0 26 16
0 27 9
0 28 5
0 30 10
0 31 2
0 33 1
0 34 18
0 35 10
0 36 12
0 37 19
0 38 15
0 39 2
0 41 17
0 43 17
0 46 13
0 47 13
0 48 10
0 49 14
0 51 13
0 53 20
0 54 14
0 57 12
0 58 2
0 59 6
0 60 20
0 62 2
0 63 19
0 64 16
0 65 18
0 66 8
0 67 7
0 69 10
0 70 10
0 71 17
0 72 12
0 73 18
0 75 20
0 76 11
0 77 11
0 79 6
0 81 9
0 82 20
0 84 7
0 85 20
0 88 17
0 90 1
0 92 8
0 93 7
0 94 11
0 97 19
0 98 8
1 0 7
1 2 1
1 3 3
1 4 2
1 5 1
1 6 4
1 7 10
1 8 1
1 9 9
1 10 4
1 11 14
1 12 4
1 13 1
1 14 18
1 15 15
1 16 9
1 17 9
1 18 18
1 19 20
1 21 12
1 22 18
1 24 12
1 25 15
1 27 17
1 28 20
1 30 3
1 31 3
1 32 18
1 33 12
1 34 14
1 35 10
1 36 8
1 37 19
1 38 5
1 39 12
1 40 2
1 42 6
1 44 13
1 45 18
1 47 11
1 48 16
1 49 5
1 51 8
1 52 9
1 53 2
1 55 11
1 56 6
1 57 8
1 58 17
1 59 15
1 60 3
1 61 19
1 62 18
1 63 7
1 64 5
1 65 15
1 66 20
1 69 8
1 70 3
1 71 11
1 74 7
1 75 17
1 79 11
1 80 8
1 81 3
1 82 20
1 85 19
1 86 9
1 87 17
1 88 13
1 89 2
1 90 15
1 91 6
1 92 4
1 94 3
1 96 19
1 97 5
1 98 17
1 99 4
2 0 13
2 3 6
2 4 18
2 6 19
2 7 4
2 8 17
2 9 9
2 11 11
2 12 13
2 13 7
2 15 7
2 16 10
2 17 14
2 18 18
2 19 7
2 20 8
2 21 18
2 22 11
2 23 6
2 24 9
2 25 4
2 27 3
2 28 14
2 30 1
2 31 2
2 32 19
2 33 10
2 34 9
2 35 9
2 37 11
2 40 14
2 41 10
2 42 11
2 43 6
2 45 11
2 46 15
2 47 15
2 49 2
2 51 17
2 52 4
2 53 11
2 55 13
2 56 14
2 57 3
2 59 12
2 60 3
2 61 8
2 62 2
2 63 2
2 66 10
2 67 15
2 69 6
2 71 17
2 74 1
2 75 10
2 76 2
2 77 5
2 79 13
2 80 9
2 81 7
2 82 19
2 83 7
2 84 10
2 85 2
2 86 5
2 87 16
2 88 8
2 90 11
2 92 19
2 93 4
2 94 20
2 95 20
2 96 11
2 97 12
2 98 2
2 99 15
3 0 13
3 1 11
3 2 7
3 4 6
3 5 2
3 7 8
3 9 18
3 10 12
3 11 15
3 12 15
3 13 9
3 14 9
3 15 3
3 22 1
3 23 5
3 24 5
3 25 19
3 26 2
3 27 7
3 28 15
3 30 19
3 31 20
3 32 8
3 33 8
3 34 16
3 35 1
3 36 12
3 37 1
3 38 12
3 39 19
3 41 17
3 44 19
3 45 5
3 46 6
3 49 3
3 50 10
3 51 5
3 52 10
3 53 20
3 54 5
3 55 13
3 56 13
3 57 3
3 58 11
3 59 9
3 60 15
3 61 7
3 62 3
3 63 19
3 65 9
3 66 3
3 67 14
3 70 12
3 71 12
3 72 15
3 74 17
3 75 19
3 77 8
3 78 7
3 79 1
3 80 11
3 81 11
3 82 3
3 83 4
3 86 20
3 87 4
3 89 13
3 90 10
3 91 7
3 92 20
3 93 11
3 95 2
3 96 15
3 97 5
3 99 8
4 0 18
4 1 6
4 2 16
4 3 16
4 7 20
4 8 7
4 10 5
4 11 1
4 12 3
4 13 10
4 14 13
4 15 3
4 17 9
4 18 20
4 20 10
4 22 16
4 23 6
4 24 18
4 25 4
4 27 10
4 28 12
4 29 20
4 30 17
4 31 15
4 32 19
4 36 16
4 38 8
4 39 12
4 40 16
4 41 9
4 42 7
4 43 20
4 44 13
4 45 14
4 46 13
4 49 6
4 50 16
4 53 18
4 54 20
4 55 6
4 56 3
4 57 9
4 58 10
4 59 3
4 60 13
4 61 13
4 62 9
4 63 20
4 64 1
4 65 6
4 66 12
4 68 12
4 69 13
4 70 11
4 71 8
4 72 8
4 74 18
4 75 9
4 77 1
4 78 12
4 79 8
4 81 18
4 83 20
4 84 11
4 85 18
4 86 3
4 87 1
4 89 15
4 90 15
4 91 7
4 92 8
4 95 1
4 96 20
4 97 18
4 98 13
4 99 2
5 1 16
5 2 1
5 4 5
5 6 15
5 7 20
5 9 14
5 10 4
5 11 9
5 12 20
5 13 4
5 14 9
5 15 17
5 16 11
5 17 17
5 18 14
5 19 1
5 20 6
5 21 14
5 22 6
5 24 20
5 25 10
5 26 3
5 27 13
5 28 14
5 29 16
5 30 10
5 31 16
5 33 2
5 34 11
5 35 11
5 38 8
5 40 1
5 41 13
5 42 15
5 44 8
5 45 14
5 46 6
5 47 14
5 48 4
5 49 14
5 50 4
5 51 4
5 52 8
5 54 5
5 55 20
5 56 17
5 57 3
5 59 9
5 61 4
5 62 7
5 63 10
5 64 10
5 65 20
5 66 3
5 70 6
5 72 10
5 73 5
5 75 4
5 76 19
5 77 1
5 78 4
5 79 3
5 80 5
5 81 20
5 83 4
5 84 10
5 85 6
5 86 18
5 87 19
5 89 1
5 90 10
5 91 16
5 92 7
5 94 19
5 95 5
5 96 10
5 97 4
6 0 6
6 1 9
6 2 17
6 3 13
6 4 12
6 5 16
6 7 9
6 8 16
6 9 1
6 10 20
6 11 1
6 13 11
6 15 5
6 16 12
6 17 3
6 18 13
6 19 10
6 21 6
6 22 5
6 23 18
6 24 4
6 25 8
6 26 16
6 27 8
6 28 4
6 29 18
6 30 15
6 31 1
6 33 13
6 34 4
6 35 5
6 36 4
6 37 14
6 38 11
6 39 20
6 40 7
6 41 2
6 42 19
6 43 18
6 44 9
6 45 6
6 46 14
6 47 12
6 48 16
6 49 10
6 50 17
6 51 17
6 52 14
6 53 1
6 54 16
6 55 3
6 56 1
6 57 12
6 58 14
6 59 9
6 60 20
6 61 13
6 62 13
6 63 13
6 65 4
6 69 9
6 70 17
6 71 5
6 72 18
6 73 18
6 74 4
6 75 19
6 76 15
6 77 5
6 78 12
6 79 6
6 80 16
6 82 12
6 83 18
6 84 2
6 86 13
6 87 8
6 88 4
6 89 20
6 90 8
6 92 18
6 93 6
6 94 1
6 96 2
6 97 11
6 99 18
7 0 20
7 1 17
7 2 14
7 3 3
7 4 11
7 5 16
7 6 11
7 8 9
7 9 11
7 10 1
7 11 10
7 12 16
7 13 13
7 15 16
7 16 13
7 17 19
7 18 4
7 20 1
7 21 1
7 23 5
7 24 3
7 25 20
7 26 15
7 27 19
7 28 9
7 29 19
7 30 12
7 31 18
7 32 20
7 34 16
7 35 16
7 36 9
7 37 3
7 38 16
7 39 17
7 40 18
7 41 10
7 42 10
7 43 2
7 45 3
7 46 9
7 47 5
7 48 6
7 49 5
7 50 3
7 53 7
7 54 2
7 55 1
7 56 13
7 57 8
7 58 2
7 59 6
7 60 8
7 61 1
7 62 20
7 63 7
7 65 4
7 66 11
7 67 15
7 68 12
7 69 1
7 70 9
7 71 10
7 73 8
7 74 19
7 75 5
7 76 15
7 77 13
7 78 14
7 79 18
7 80 1
7 81 3
7 84 3
7 86 18
7 87 9
7 88 19
7 91 20
7 92 14
7 93 15
7 94 17
7 95 3
7 96 12
7 97 7
7 98 8
8 0 3
8 1 8
8 2 9
8 3 5
8 5 4
8 7 10
8 9 5
8 10 15
8 11 2
8 12 8
8 14 15
8 15 8
8 16 11
8 17 20
8 18 9
8 19 5
8 20 19
8 21 4
8 22 12
8 25 7
8 26 18
8 27 7
8 28 6
8 29 6
8 32 13
8 33 8
8 34 14
8 35 13
8 36 11
8 37 4
8 38 20
8 39 12
8 41 15
8 42 8
8 43 17
8 44 18
8 46 12
8 47 2
8 49 4
8 50 7
8 51 4
8 52 16
8 53 6
8 54 5
8 55 9
8 56 12
8 57 20
8 59 20
8 60 18
8 62 9
8 63 1
8 64 2
8 65 20
8 66 14
8 67 19
8 70 15
8 75 12
8 76 11
8 80 7
8 81 10
8 82 9
8 83 6
8 84 18
8 85 18
8 86 12
8 87 4
8 89 5
8 90 1
8 92 1
8 93 10
8 94 20
8 95 9
8 96 11
8 97 1
8 98 9
8 99 17
9 2 13
9 4 13
9 5 16
9 6 8
9 7 7
9 8 16
9 12 1
9 14 19
9 16 13
9 18 19
9 20 5
9 22 3
9 23 8
9 24 4
9 26 5
9 27 9
9 28 11
9 29 6
9 30 4
9 31 8
9 32 3
9 33 19
9 35 12
9 36 18
9 37 17
9 38 20
9 39 19
9 40 8
9 41 15
9 42 5
9 44 15
9 45 6
9 46 1
9 47 5
9 48 5
9 49 19
9 50 20
9 51 17
9 52 4
9 53 12
9 54 2
9 56 15
9 57 4
9 58 16
9 59 11
9 60 13
9 61 18
9 62 3
9 63 1
9 64 16
9 66 6
9 67 8
9 69 20
9 72 5
9 73 1
9 74 14
9 75 15
9 77 14
9 78 1
9 80 18
9 81 13
9 82 5
9 83 18
9 84 8
9 86 2
9 88 13
9 90 2
9 91 5
9 93 3
9 94 19
9 95 7
9 96 8
9 98 1
9 99 15
10 0 13
10 1 12
10 4 5
10 5 8
10 6 18
10 7 4
10 8 2
10 11 10
10 12 13
10 13 12
10 14 20
10 15 20
10 17 7
10 18 3
10 19 19
10 20 3
10 21 7
10 22 8
10 23 1
10 26 5
10 27 1
10 28 1
10 29 13
10 30 19
10 31 6
10 32 19
10 33 11
10 34 10
10 35 18
10 37 17
10 38 20
10 39 9
10 40 7
10 41 19
10 42 18
10 43 13
10 44 10
10 45 19
10 46 11
10 47 7
10 48 2
10 50 17
10 51 14
10 52 8
10 53 9
10 54 15
10 55 9
10 56 11
10 57 15
10 58 1
10 59 3
10 60 9
10 61 6
10 63 13
10 64 5
10 65 2
10 66 18
10 67 11
10 68 13
10 69 10
10 71 3
10 74 15
10 75 12
10 76 12
10 77 12
10 78 4
10 79 11
10 80 4
10 82 2
10 83 13
10 84 12
10 87 15
10 89 9
10 90 1
10 91 19
10 93 17
10 95 12
10 97 1
11 0 14
11 1 14
11 2 8
11 3 2
11 4 10
11 6 2
11 7 3
11 8 10
11 12 17
11 14 8
11 15 20
11 16 20
11 17 5
11 18 19
11 19 2
11 20 1
11 21 14
11 22 9
11 23 13
11 24 15
11 26 20
11 27 20
11 28 19
11 30 1
11 31 16
11 32 20
11 33 8
11 34 6
11 35 7
11 36 20
11 37 1
11 38 7
11 40 9
11 41 12
11 42 4
11 43 1
11 45 19
11 47 1
11 48 2
11 49 2
11 50 17
11 52 18
11 54 17
11 55 17
11 57 19
11 58 1
11 60 14
11 61 11
11 62 8
11 63 7
11 64 10
11 65 2
11 66 8
11 67 5
11 68 4
11 69 5
11 70 3
11 71 3
11 72 20
11 73 18
11 75 17
11 76 17
11 78 12
11 79 1
11 80 16
11 81 15
11 82 4
11 83 14
11 86 17
11 89 12
11 90 16
11 93 2
11 94 12
11 95 3
11 96 5
11 97 15
12 1 10
12 3 5
12 6 1
12 7 1
12 8 20
12 9 5
12 11 4
12 13 8
12 14 8
12 15 2
12 16 5
12 17 5
12 18 9
12 20 2
12 21 15
12 22 3
12 23 9
12 25 10
12 26 1
12 27 14
12 28 17
12 31 9
12 32 12
12 34 18
12 35 1
12 36 15
12 38 13
12 40 15
12 41 11
12 43 12
12 45 5
12 46 20
12 47 15
12 49 16
12 50 2
12 51 13
12 52 9
12 53 4
12 54 17
12 55 18
12 56 2
12 57 8
12 58 15
12 59 9
12 60 15
12 62 14
12 63 2
12 65 17
12 66 11
12 67 1
12 69 1
12 71 12
12 73 15
12 74 8
12 75 16
12 76 5
12 77 12
12 78 17
12 82 11
12 83 4
12 85 11
12 86 15
12 87 16
12 88 2
12 89 20
12 91 5
12 92 1
12 93 13
12 94 3
12 95 14
12 96 10
12 97 18
12 98 8
12 99 15
13 1 2
13 2 14
13 3 14
13 4 2
13 5 11
13 6 12
13 7 10
13 8 3
13 10 10
13 12 8
13 15 15
13 16 3
13 17 2
13 18 19
13 21 1
13 22 4
13 23 17
13 24 18
13 27 5
13 28 4
13 29 13
13 30 20
13 31 15
13 32 6
13 33 6
13 34 14
13 35 5
13 36 6
13 37 1
13 38 14
13 39 6
13 40 12
13 41 13
13 42 12
13 43 16
13 44 3
13 45 19
13 46 15
13 48 12
13 49 9
13 51 7
13 52 13
13 53 17
13 54 20
13 55 2
13 56 11
13 57 11
13 58 16
13 59 2
13 61 2
13 62 13
13 63 13
13 65 17
13 66 7
13 67 3
13 68 16
13 69 9
13 70 3
13 71 1
13 72 11
13 73 7
13 74 3
13 75 17
13 76 4
13 77 2
13 80 16
13 81 6
13 82 8
13 83 7
13 84 5
13 85 19
13 89 5
13 90 1
13 91 13
13 92 9
13 93 20
13 94 11
13 95 9
13 97 2
13 98 18
13 99 16
14 1 8
14 2 15
14 3 15
14 4 2
14 6 13
14 8 16
14 9 15
14 10 19
14 11 5
14 12 5
14 17 2
14 18 10
14 19 4
14 21 12
14 22 20
14 23 9
14 24 12
14 25 5
14 27 3
14 28 11
14 30 2
14 31 14
14 33 16
14 34 17
14 35 3
14 36 16
14 38 11
14 40 16
14 41 14
14 42 18
14 43 11
14 44 2
14 45 16
14 46 3
14 47 10
14 48 3
14 50 11
14 51 3
14 52 13
14 53 8
14 54 9
14 55 12
14 56 11
14 59 8
14 60 14
14 61 2
14 62 4
14 64 12
14 65 9
14 66 12
14 68 6
14 70 13
14 72 15
14 73 2
14 74 1
14 75 1
14 76 18
14 78 11
14 79 5
14 82 14
14 83 5
14 84 12
14 85 15
14 87 4
14 88 11
14 89 11
14 91 14
14 92 4
14 93 9
14 94 4
14 95 12
14 96 19
14 97 10
14 98 12
15 0 16
15 1 20
15 2 6
15 3 2
15 5 14
15 6 1
15 8 5
15 10 9
15 11 19
15 12 7
15 13 6
15 16 13
15 18 14
15 19 14
15 20 11
15 22 17
15 23 4
15 25 17
15 26 9
15 27 3
15 28 2
15 29 4
15 31 11
15 32 20
15 33 14
15 34 3
15 35 1
15 37 18
15 38 1
15 39 20
15 41 4
15 43 2
15 44 15
15 45 10
15 46 8
15 49 4
15 50 9
15 51 6
15 52 17
15 54 5
15 55 15
15 56 16
15 57 12
15 59 20
15 60 6
15 61 11
15 63 8
15 64 12
15 65 18
15 66 17
15 68 6
15 69 5
15 71 6
15 72 15
15 75 15
15 76 4
15 77 2
15 80 6
15 82 8
15 83 7
15 84 12
15 85 11
15 86 13
15 87 16
15 88 10
15 89 20
15 90 9
15 91 13
15 92 3
15 93 4
15 95 20
15 96 15
15 97 6
15 98 13
16 0 11
16 2 1
16 3 9
16 4 9
16 5 19
16 7 7
16 8 5
16 9 14
16 12 6
16 13 7
16 14 11
16 15 10
16 17 4
16 18 16
16 19 20
16 20 11
16 21 16
16 22 3
16 24 13
16 26 6
16 28 12
16 29 14
16 30 2
16 31 5
16 32 11
16 33 20
16 34 7
16 35 17
16 37 6
16 38 18
16 39 18
16 40 16
16 41 4
16 42 7
16 43 16
16 44 7
16 47 9
16 48 5
16 49 15
16 50 7
16 51 3
16 52 3
16 53 15
16 54 10
16 55 19
16 58 3
16 59 16
16 60 16
16 61 1
16 62 14
16 63 5
16 64 7
16 65 18
16 66 6
16 67 11
16 68 2
16 70 19
16 71 7
16 74 2
16 76 6
16 77 13
16 79 20
16 81 1
16 83 18
16 84 7
16 85 1
16 86 8
16 87 5
16 88 7
16 89 13
16 92 15
16 93 18
16 94 13
16 97 13
16 98 5
17 0 20
17 1 8
17 2 2
17 4 19
17 7 20
17 8 17
17 9 14
17 10 15
17 11 12
17 12 17
17 13 2
17 15 1
17 16 12
17 18 14
17 19 8
17 20 2
17 22 16
17 23 20
17 24 17
17 25 17
17 26 5
17 27 18
17 28 1
17 30 9
17 34 2
17 35 13
17 38 12
17 39 15
17 40 19
17 41 10
17 42 4
17 43 12
17 44 19
17 45 11
17 47 11
17 49 4
17 50 1
17 51 13
17 52 4
17 53 19
17 54 3
17 55 15
17 56 12
17 57 15
17 58 11
17 61 12
17 62 20
17 64 9
17 65 1
17 67 14
17 68 16
17 69 11
17 70 14
17 72 12
17 76 19
17 78 14
17 79 12
17 80 19
17 81 14
17 82 12
17 83 2
17 84 14
17 85 3
17 86 13
17 87 8
17 89 10
17 90 11
17 91 2
17 92 9
17 93 12
17 94 15
17 95 8
17 96 12
17 97 9
17 99 17
18 0 7
18 1 17
18 2 7
18 3 13
18 4 19
18 6 12
18 7 7
18 8 8
18 9 20
18 10 5
18 11 9
18 12 7
18 14 7
18 15 14
18 16 7
18 19 16
18 20 11
18 21 10
18 22 15
18 24 4
18 26 14
18 27 5
18 28 16
18 29 10
18 30 15
18 31 6
18 32 12
18 33 11
18 34 17
18 36 7
18 38 9
18 39 20
18 40 20
18 41 7
18 42 1
18 43 13
18 45 3
18 46 1
18 48 17
18 49 14
18 50 2
18 51 5
18 52 2
18 54 20
18 55 10
18 56 12
18 57 16
18 59 7
18 60 20
18 61 11
18 62 20
18 63 11
18 65 2
18 69 5
18 70 17
18 71 17
18 72 10
18 73 17
18 74 9
18 75 14
18 77 14
18 78 19
18 79 17
18 82 15
18 83 18
18 84 4
18 85 4
18 86 1
18 87 6
18 88 12
18 89 12
18 90 20
18 91 4
18 92 13
18 94 12
18 95 17
18 96 7
18 97 19
18 98 20
18 99 15
19 1 18
19 2 14
19 3 18
19 4 13
19 5 17
19 6 15
19 8 4
19 10 4
19 11 16
19 12 17
19 13 14
19 16 14
19 17 20
19 18 15
19 20 9
19 21 15
19 22 16
19 24 8
19 25 12
19 26 6
19 27 1
19 28 1
19 29 1
19 31 18
19 32 6
19 33 10
19 34 11
19 35 14
19 36 15
19 37 4
19 38 10
19 39 12
19 40 17
19 41 7
19 44 5
19 45 5
19 46 18
19 48 20
19 49 20
19 50 15
19 51 17
19 53 19
19 54 2
19 55 5
19 57 5
19 58 6
19 59 12
19 60 11
19 61 7
19 62 9
19 63 18
19 64 8
19 65 1
19 66 3
19 67 16
19 68 13
19 69 5
19 70 19
19 71 6
19 72 12
19 74 13
19 75 15
19 76 8
19 77 4
19 79 12
19 80 10
19 82 7
19 84 3
19 86 2
19 87 17
19 88 15
19 89 9
19 90 12
19 91 13
19 94 16
19 97 15
19 98 3
19 99 13
20 0 11
20 1 6
20 3 17
20 7 12
20 8 16
20 10 3
20 11 16
20 12 19
20 13 13
20 14 14
20 15 19
20 16 2
20 17 10
20 19 9
20 21 6
20 22 12
20 23 8
20 24 11
20 25 19
20 26 4
20 27 7
20 30 7
20 33 4
20 34 3
20 35 7
20 37 9
20 38 12
20 40 3
20 41 6
20 42 9
20 43 1
20 44 15
20 45 19
20 46 9
20 47 16
20 48 18
20 50 4
20 51 7
20 52 6
20 53 17
20 55 17
20 56 18
20 57 3
20 58 12
20 59 10
20 60 4
20 61 17
20 62 20
20 63 20
20 64 13
20 66 4
20 67 7
20 69 20
20 70 7
20 71 5
20 72 5
20 73 15
20 74 6
20 75 10
20 76 20
20 77 13
20 78 9
20 79 12
20 80 19
20 81 6
20 82 4
20 83 16
20 85 7
20 88 7
20 90 10
20 92 18
20 93 6
20 94 6
20 95 1
20 96 12
20 99 5
21 0 7
21 1 14
21 2 11
21 3 19
21 5 9
21 6 18
21 7 13
21 8 20
21 10 20
21 11 17
21 12 7
21 14 6
21 15 18
21 16 10
21 18 3
21 19 13
21 20 4
21 22 8
21 23 4
21 25 2
21 26 9
21 27 3
21 28 16
21 29 17
21 30 20
21 31 1
21 32 15
21 33 12
21 34 13
21 36 14
21 37 6
21 39 12
21 40 14
21 41 9
21 43 2
21 46 8
21 47 17
21 48 10
21 49 3
21 50 8
21 51 1
21 52 19
21 53 2
21 54 2
21 56 3
21 57 12
21 59 14
21 60 2
21 61 2
21 62 13
21 63 18
21 65 18
21 66 5
21 67 19
21 68 11
21 69 7
21 70 10
21 72 16
21 73 20
21 74 2
21 75 15
21 77 2
21 79 12
21 80 1
21 81 14
21 82 2
21 83 8
21 84 11
21 85 14
21 86 17
21 87 11
21 89 17
21 90 2
21 93 6
21 94 15
21 95 19
21 96 19
21 97 16
21 98 19
21 99 10
22 0 13
22 1 16
22 2 3
22 3 1
22 4 1
22 5 7
22 6 2
22 7 16
22 8 11
22 9 13
22 10 3
22 11 10
22 15 14
22 17 7
22 19 5
22 20 5
22 21 12
22 23 8
22 26 9
22 27 11
22 28 15
22 29 15
22 30 8
22 31 8
22 32 1
22 35 20
22 36 15
22 37 17
22 38 8
22 39 17
22 40 13
22 41 8
22 42 15
22 44 6
22 45 2
22 46 17
22 47 13
22 49 17
22 51 15
22 52 6
22 53 12
22 54 8
22 55 7
22 56 3
22 57 11
22 60 5
22 61 16
22 62 20
22 63 1
22 64 8
22 66 6
22 68 3
22 69 1
22 70 10
22 71 15
22 72 17
22 73 20
22 74 4
22 76 3
22 78 16
22 81 3
22 82 15
22 84 14
22 87 16
22 88 7
22 89 3
22 90 10
22 91 11
22 92 16
22 93 10
22 94 5
22 98 9
23 2 13
23 3 11
23 4 15
23 5 6
23 6 18
23 7 13
23 9 20
23 10 5
23 11 20
23 12 4
23 13 5
23 14 13
23 15 14
23 18 17
23 21 7
23 26 8
23 27 6
23 28 5
23 29 20
23 30 4
23 31 12
23 32 12
23 34 3
23 35 16
23 36 14
23 37 8
23 38 16
23 39 16
23 40 16
23 41 16
23 42 3
23 43 16
23 45 15
23 46 4
23 47 6
23 48 2
23 49 17
23 50 10
23 51 10
23 52 12
23 53 8
23 57 14
23 59 14
23 60 5
23 61 19
23 62 16
23 63 16
23 64 3
23 65 3
23 67 7
23 68 15
23 69 6
23 70 11
23 71 9
23 72 19
23 73 8
23 74 19
23 75 17
23 76 11
23 77 16
23 78 14
23 79 14
23 80 10
23 81 13
23 82 8
23 83 6
23 85 14
23 86 8
23 88 5
23 89 13
23 91 17
23 93 10
23 94 7
23 95 1
23 96 13
23 97 4
23 99 20
24 1 18
24 3 13
24 4 18
24 5 10
24 6 2
24 7 5
24 8 2
24 10 6
24 11 15
24 13 13
24 14 9
24 15 13
24 16 13
24 17 16
24 19 10
24 21 17
24 22 2
24 23 9
24 25 15
24 26 19
24 27 13
24 28 3
24 29 19
24 30 13
24 31 12
24 32 7
24 33 5
24 34 6
24 35 13
24 36 19
24 37 6
24 40 6
24 43 14
24 44 14
24 45 12
24 47 10
24 48 4
24 50 7
24 51 17
24 52 20
24 53 6
24 55 19
24 56 8
24 57 20
24 59 6
24 60 7
24 61 3
24 62 8
24 63 20
24 64 6
24 65 16
24 66 3
24 67 16
24 68 9
24 70 7
24 71 20
24 73 1
24 75 5
24 77 15
24 78 8
24 79 17
24 80 5
24 81 20
24 82 20
24 84 7
24 85 16
24 87 15
24 88 1
24 89 7
24 90 5
24 91 10
24 92 14
24 93 14
24 97 15
24 98 12
24 99 19
25 0 11
25 1 17
25 2 9
25 3 12
25 4 1
25 5 2
25 6 6
25 8 10
25 9 6
25 10 6
25 11 20
25 12 5
25 13 6
25 14 4
25 15 7
25 16 7
25 17 19
25 18 7
25 19 13
25 20 9
25 22 14
25 24 8
25 26 10
25 27 9
25 29 2
25 30 14
25 31 19
25 33 18
25 34 4
25 36 3
25 37 5
25 38 18
25 39 19
25 43 8
25 44 10
25 45 3
25 46 16
25 47 17
25 48 1
25 50 1
25 51 14
25 52 2
25 53 17
25 54 9
25 55 11
25 56 2
25 57 7
25 58 11
25 59 19
25 60 4
25 61 3
25 62 6
25 63 19
25 64 1
25 65 11
25 66 5
25 67 10
25 70 7
25 72 3
25 74 19
25 75 20
25 76 6
25 77 14
25 78 3
25 79 9
25 80 4
25 81 7
25 82 19
25 85 15
25 86 13
25 87 13
25 88 14
25 89 1
25 90 12
25 91 9
25 92 18
25 93 17
25 95 14
25 96 10
25 97 15
25 98 13
25 99 19
26 1 1
26 3 5
26 4 10
26 7 18
26 8 17
26 10 10
26 11 13
26 12 3
26 13 16
26 14 16
26 15 9
26 16 11
26 17 11
26 18 11
26 19 9
26 21 14
26 22 2
26 23 20
26 24 8
26 25 14
26 27 8
26 28 5
26 29 20
26 30 9
26 31 11
26 32 14
26 33 2
26 35 5
26 36 1
26 37 6
26 38 6
26 39 12
26 40 18
26 41 20
26 42 15
26 43 20
26 44 5
26 45 13
26 46 16
26 47 11
26 48 16
26 51 4
26 54 3
26 55 9
26 56 16
26 57 6
26 58 3
26 59 17
26 60 16
26 61 4
26 62 10
26 64 17
26 65 17
26 67 11
26 68 9
26 69 6
26 72 14
26 73 18
26 75 11
26 76 14
26 78 6
26 79 14
26 80 1
26 81 15
26 82 14
26 83 13
26 84 6
26 85 1
26 87 20
26 88 14
26 89 4
26 90 3
26 91 7
26 92 20
26 93 11
26 94 19
26 95 14
26 96 14
26 97 15
26 99 7
27 0 4
27 2 11
27 3 16
27 5 7
27 6 3
27 7 6
27 8 6
27 9 13
27 10 5
27 11 14
27 12 11
27 13 19
27 14 8
27 15 14
27 16 13
27 17 12
27 20 3
27 21 16
27 22 14
27 25 16
27 26 7
27 28 17
27 29 17
27 30 13
27 31 7
27 32 6
27 34 10
27 35 3
27 36 10
27 38 10
27 39 4
27 40 19
27 41 2
27 42 18
27 43 2
27 44 13
27 45 2
27 46 9
27 47 1
27 48 11
27 50 9
27 51 11
27 52 9
27 55 7
27 56 3
27 58 3
27 61 8
27 62 10
27 63 14
27 64 11
27 65 17
27 66 10
27 67 13
27 68 1
27 71 13
27 74 18
27 75 12
27 77 7
27 78 5
27 80 10
27 81 12
27 82 15
27 83 8
27 84 4
27 85 20
27 86 7
27 87 14
27 88 1
27 90 19
27 91 10
27 92 14
27 93 13
27 94 7
27 96 1
27 97 19
27 99 20
28 0 4
28 1 4
28 2 2
28 5 20
28 6 16
28 7 19
28 9 10
28 10 19
28 11 17
28 12 8
28 13 9
28 14 6
28 15 9
28 16 6
28 17 1
28 18 9
28 19 10
28 21 5
28 22 16
28 23 13
28 24 10
28 25 13
28 26 19
28 27 14
28 29 16
28 30 13
28 31 7
28 32 7
28 33 12
28 35 6
28 36 12
28 37 6
28 39 12
28 40 18
28 41 18
28 44 19
28 45 9
28 46 3
28 47 16
28 48 9
28 49 19
28 50 15
28 52 7
28 53 7
28 54 17
28 55 2
28 56 15
28 58 11
28 59 3
28 60 6
28 61 12
28 63 14
28 64 9
28 66 8
28 67 9
28 69 17
28 73 1
28 74 6
28 75 5
28 76 19
28 77 16
28 78 9
28 79 4
28 81 6
28 83 2
28 84 17
28 85 18
28 86 5
28 87 11
28 88 9
28 89 12
28 90 12
28 92 8
28 94 9
28 96 9
28 97 10
28 99 17
29 0 16
29 1 8
29 2 18
29 3 2
29 4 14
29 5 15
29 7 14
29 8 10
29 9 16
29 10 17
29 11 12
29 12 3
29 14 15
29 16 18
29 17 3
29 18 7
29 19 11
29 21 13
29 22 11
29 24 12
29 25 5
29 26 12
29 27 13
29 28 4
29 30 7
29 31 12
29 32 8
29 33 13
29 35 13
29 36 10
29 37 6
29 38 17
29 39 15
29 40 3
29 41 18
29 42 8
29 43 14
29 44 4
29 46 7
29 48 7
29 50 12
29 51 13
29 52 10
29 53 1
29 54 12
29 56 16
29 57 16
29 58 10
29 59 5
29 60 4
29 61 2
29 62 4
29 64 9
29 65 3
29 66 5
29 67 4
29 68 20
29 69 8
29 70 20
29 71 8
29 72 6
29 74 18
29 75 12
29 77 16
29 78 18
29 80 6
29 83 11
29 86 17
29 87 14
29 88 15
29 90 14
29 91 10
29 93 4
29 95 1
29 96 3
29 97 9
29 99 15
30 0 20
30 1 6
30 2 20
30 3 10
30 4 5
30 5 14
30 6 10
30 8 2
30 10 5
30 11 8
30 12 8
30 13 6
30 14 12
30 15 14
30 16 4
30 17 3
30 18 20
30 21 19
30 22 10
30 23 3
30 24 18
30 25 9
30 26 11
30 27 9
30 29 2
30 31 8
30 32 13
30 33 9
30 34 9
30 35 14
30 37 2
30 38 11
30 40 5
30 42 13
30 43 7
30 44 15
30 45 9
30 46 6
30 48 18
30 49 5
30 50 9
30 51 19
30 52 16
30 53 1
30 54 5
30 55 15
30 57 4
30 58 7
30 59 3
30 60 15
30 61 13
30 62 19
30 63 18
30 64 13
30 65 14
30 66 8
30 67 2
30 69 14
30 70 4
30 71 11
30 74 1
30 75 17
30 76 11
30 77 5
30 78 14
30 79 14
30 80 4
30 81 7
30 82 3
30 83 13
30 85 3
30 86 7
30 87 5
30 88 2
30 89 7
30 90 8
30 91 8
30 94 19
30 95 14
30 96 16
30 97 19
30 98 11
30 99 9
31 3 7
31 4 12
31 5 4
31 6 19
31 7 14
31 8 19
31 9 18
31 10 12
31 11 1
31 12 8
31 13 15
31 14 12
31 15 10
31 16 16
31 17 19
31 18 3
31 19 2
31 20 11
31 21 14
31 22 3
31 23 7
31 24 4
31 25 6
31 26 19
31 27 9
31 28 4
31 29 10
31 30 17
31 32 12
31 33 4
31 35 20
31 36 17
31 37 10
31 39 12
31 40 5
31 41 11
31 42 8
31 44 8
31 45 16
31 46 16
31 47 11
31 48 6
31 49 4
31 50 14
31 52 9
31 53 8
31 54 20
31 55 17
31 56 3
31 58 19
31 59 18
31 60 8
31 62 20
31 63 10
31 64 6
31 65 18
31 66 20
31 68 16
31 69 19
31 70 3
31 71 14
31 72 7
31 73 2
31 74 16
31 75 5
31 76 19
31 77 15
31 78 20
31 80 11
31 81 19
31 82 1
31 85 1
31 86 5
31 87 17
31 88 13
31 89 12
31 91 11
31 93 19
31 94 5
31 96 13
31 97 1
31 98 13
31 99 3
32 0 4
32 1 12
32 2 6
32 3 16
32 4 17
32 5 11
32 6 15
32 8 9
32 9 7
32 10 20
32 12 20
32 13 11
32 14 7
32 16 6
32 17 7
32 18 5
32 19 14
32 20 13
32 21 18
32 22 18
32 23 7
32 26 3
32 27 11
32 28 1
32 29 20
32 30 17
32 34 16
32 36 3
32 37 10
32 38 20
32 39 1
32 40 18
32 41 3
32 42 1
32 43 19
32 44 16
32 45 20
32 46 2
32 47 6
32 48 15
32 49 5
32 51 12
32 52 5
32 53 15
32 54 13
32 55 9
32 56 15
32 57 13
32 58 6
32 59 19
32 60 4
32 62 1
32 63 12
32 64 15
32 66 15
32 67 6
32 68 5
32 70 10
32 71 12
32 72 2
32 73 1
32 74 19
32 75 13
32 76 4
32 77 20
32 78 19
32 79 7
32 80 12
32 81 18
32 83 17
32 84 19
32 85 13
32 88 16
32 89 10
32 90 1
32 91 5
32 92 8
32 93 10
32 94 16
32 96 8
32 97 2
32 98 11
32 99 8
33 0 12
33 1 16
33 2 17
33 3 18
33 5 3
33 6 10
33 7 16
33 10 11
33 12 11
33 13 12
33 14 19
33 15 7
33 16 4
33 17 11
33 18 8
33 19 19
33 20 11
33 21 18
33 23 16
33 24 13
33 27 9
33 28 5
33 29 14
33 30 5
33 32 17
33 34 13
33 36 3
33 37 8
33 38 18
33 40 17
33 41 4
33 42 9
33 43 14
33 44 18
33 45 19
33 46 5
33 48 20
33 49 16
33 50 15
33 51 16
33 53 15
33 54 6
33 55 16
33 57 3
33 58 12
33 59 7
33 60 9
33 62 14
33 63 9
33 65 11
33 66 14
33 67 4
33 68 9
33 69 18
33 70 5
33 71 20
33 72 1
33 73 3
33 74 9
33 75 12
33 76 10
33 77 20
33 80 18
33 82 15
33 83 9
33 84 6
33 85 14
33 86 17
33 87 11
33 88 11
33 89 12
33 91 1
33 93 2
33 94 4
33 95 20
33 96 2
33 99 14
34 0 1
34 2 11
34 3 1
34 4 12
34 5 12
34 6 16
34 7 12
34 8 7
34 9 20
34 10 14
34 15 13
34 16 5
34 18 17
34 20 11
34 21 1
34 22 17
34 23 2
34 24 19
34 25 15
34 27 2
34 28 20
34 30 12
34 31 6
34 33 3
34 35 7
34 36 5
34 37 18
34 38 19
34 40 18
34 41 19
34 44 3
34 45 17
34 46 6
34 48 7
34 51 7
34 52 6
34 55 5
34 56 5
34 57 10
34 58 5
34 60 12
34 61 16
34 64 6
34 65 8
34 67 6
34 70 12
34 71 16
34 73 14
34 74 1
34 75 10
34 76 8
34 77 11
34 78 2
34 80 9
34 81 7
34 82 4
34 83 7
34 84 17
34 85 12
34 86 19
34 88 10
34 89 4
34 90 10
34 91 3
34 92 14
34 94 5
34 95 6
34 96 18
34 97 10
34 98 7
34 99 4
35 0 6
35 1 4
35 3 3
35 4 17
35 5 9
35 6 17
35 7 16
35 8 2
35 9 16
35 10 20
35 11 18
35 12 14
35 13 15
35 14 14
35 15 2
35 16 2
35 17 16
35 18 11
35 19 1
35 20 12
35 21 8
35 22 1
35 23 18
35 24 7
35 25 11
35 26 4
35 27 19
35 28 19
35 29 7
35 30 19
35 31 4
35 32 5
35 37 9
35 38 10
35 39 18
35 41 14
35 42 9
35 43 12
35 44 20
35 45 6
35 46 8
35 47 8
35 48 1
35 49 6
35 54 3
35 55 14
35 56 14
35 57 4
35 58 10
35 59 10
35 60 1
35 62 11
35 63 8
35 66 18
35 68 4
35 69 15
35 71 3
35 72 15
35 73 11
35 74 17
35 75 18
35 76 16
35 78 18
35 79 13
35 80 12
35 81 13
35 82 16
35 83 13
35 84 19
35 86 9
35 88 3
35 89 10
35 90 7
35 91 5
35 92 10
35 93 12
35 96 6
35 97 1
35 98 9
36 1 16
36 2 6
36 3 11
36 5 6
36 6 2
36 8 2
36 11 14
36 13 2
36 14 19
36 15 8
36 19 14
36 20 15
36 22 2
36 23 11
36 25 16
36 27 13
36 28 19
36 29 19
36 31 17
36 32 13
36 33 12
36 37 1
36 38 15
36 40 10
36 41 14
36 42 14
36 43 17
36 44 1
36 45 13
36 46 13
36 48 13
36 49 8
36 50 5
36 51 6
36 52 18
36 53 17
36 55 13
36 56 1
36 57 1
36 58 7
36 60 13
36 61 11
36 62 4
36 63 1
36 64 4
36 66 16
36 67 1
36 69 19
36 70 10
36 71 3
36 72 7
36 73 10
36 75 10
36 77 8
36 78 8
36 80 8
36 81 3
36 83 8
36 84 16
36 87 6
36 88 5
36 89 8
36 90 7
36 91 17
36 93 9
36 94 5
36 95 18
36 96 4
36 97 9
36 99 15
37 0 18
37 1 19
37 3 14
37 5 5
37 6 12
37 8 4
37 9 12
37 10 16
37 11 13
37 12 6
37 13 12
37 14 1
37 15 10
37 17 10
37 20 19
37 21 3
37 22 19
37 23 6
37 24 5
37 26 14
37 29 13
37 30 14
37 31 10
37 34 7
37 36 11
37 41 20
37 42 15
37 44 16
37 45 11
37 46 12
37 47 7
37 48 14
37 50 19
37 51 14
37 52 11
37 53 19
37 54 13
37 55 13
37 56 6
37 58 8
37 59 4
37 60 20
37 61 20
37 62 7
37 63 6
37 64 19
37 65 8
37 66 14
37 67 5
37 72 19
37 73 9
37 74 9
37 75 6
37 76 2
37 77 13
37 78 15
37 79 8
37 80 14
37 81 1
37 82 3
37 83 9
37 85 18
37 86 2
37 87 6
37 89 16
37 90 1
37 91 1
37 95 16
37 96 13
37 98 4
37 99 17
38 1 14
38 2 14
38 3 17
38 4 14
38 5 14
38 6 20
38 7 19
38 8 3
38 9 20
38 10 7
38 12 20
38 14 18
38 15 18
38 16 12
38 17 19
38 18 2
38 19 3
38 21 8
38 22 11
38 23 8
38 24 9
38 25 2
38 26 4
38 27 18
38 28 10
38 29 9
38 30 1
38 31 5
38 32 12
38 33 20
38 34 9
38 35 11
38 37 4
38 39 13
38 40 2
38 42 14
38 43 3
38 44 16
38 45 16
38 46 7
38 47 1
38 48 3
38 49 1
38 50 2
38 51 13
38 52 10
38 54 11
38 55 2
38 56 3
38 58 12
38 59 1
38 60 6
38 62 12
38 63 1
38 65 11
38 66 1
38 68 14
38 69 3
38 71 1
38 72 18
38 73 4
38 74 18
38 75 1
38 76 17
38 77 16
38 81 14
38 83 18
38 86 8
38 87 15
38 88 8
38 90 19
38 92 7
38 93 7
38 94 9
38 95 11
38 96 5
38 97 19
38 98 4
38 99 19
39 1 17
39 2 19
39 3 8
39 6 13
39 8 2
39 9 1
39 11 4
39 12 20
39 14 2
39 15 18
39 17 1
39 18 11
39 19 7
39 21 20
39 22 1
39 23 1
39 24 8
39 27 12
39 29 20
39 30 19
39 31 16
39 37 10
39 38 10
39 40 9
39 41 15
39 43 3
39 44 16
39 45 12
39 47 17
39 49 11
39 50 6
39 51 8
39 53 16
39 54 14
39 55 6
39 56 19
39 57 17
39 58 12
39 59 6
39 61 3
39 62 7
39 63 7
39 65 19
39 67 17
39 68 16
39 69 18
39 71 17
39 72 1
39 74 18
39 75 20
39 76 3
39 77 3
39 79 18
39 80 5
39 81 10
39 82 16
39 83 6
39 84 5
39 86 20
39 87 19
39 88 19
39 89 7
39 91 2
39 92 6
39 93 10
39 95 12
39 96 17
39 97 5
39 98 8
39 99 14
40 0 16
40 1 18
40 3 8
40 4 14
40 5 14
40 6 8
40 7 19
40 8 4
40 9 16
40 11 12
40 12 11
40 13 2
40 14 19
40 16 1
40 18 6
40 20 17
40 21 5
40 23 19
40 24 18
40 25 5
40 26 10
40 27 5
40 29 15
40 30 10
40 31 5
40 32 1
40 34 20
40 35 9
40 37 12
40 38 13
40 39 13
40 41 10
40 43 19
40 44 2
40 45 19
40 46 13
40 47 8
40 48 2
40 49 15
40 50 17
40 52 18
40 53 7
40 54 6
40 56 8
40 57 14
40 58 14
40 59 16
40 60 11
40 61 2
40 64 16
40 67 9
40 68 1
40 69 7
40 72 9
40 73 17
40 74 3
40 75 11
40 76 12
40 77 20
40 78 15
40 79 2
40 80 20
40 81 7
40 82 18
40 84 11
40 85 5
40 86 19
40 87 13
40 88 6
40 89 13
40 90 17
40 91 5
40 92 5
40 93 15
40 95 4
40 96 11
40 97 1
40 98 12
40 99 17
41 0 20
41 1 8
41 2 12
41 3 8
41 4 2
41 5 9
41 6 15
41 7 18
41 8 6
41 9 10
41 10 10
41 11 18
41 12 20
41 13 15
41 14 10
41 15 16
41 16 6
41 17 15
41 19 10
41 20 18
41 21 17
41 22 19
41 23 1
41 24 15
41 26 10
41 27 11
41 28 2
41 29 1
41 30 1
41 31 15
41 32 14
41 33 11
41 34 10
41 35 16
41 36 13
41 37 11
41 38 9
41 39 15
41 42 10
41 43 18
41 44 20
41 46 5
41 47 12
41 48 11
41 49 12
41 52 1
41 53 9
41 54 20
41 55 4
41 57 18
41 58 16
41 59 1
41 60 18
41 62 1
41 63 17
41 64 17
41 65 8
41 66 17
41 67 9
41 68 8
41 69 4
41 70 7
41 71 13
41 72 6
41 76 11
41 77 3
41 79 12
41 80 13
41 81 14
41 82 4
41 83 7
41 85 18
41 86 3
41 87 1
41 88 11
41 89 6
41 90 3
41 91 6
41 93 20
41 95 8
41 96 2
41 97 7
41 99 12
42 0 16
42 3 16
42 4 9
42 5 15
42 6 11
42 7 4
42 8 11
42 10 1
42 11 5
42 12 17
42 13 10
42 14 8
42 16 8
42 17 14
42 18 6
42 19 20
42 20 8
42 21 9
42 22 11
42 23 1
42 24 14
42 25 2
42 28 18
42 29 17
42 30 2
42 31 19
42 32 14
42 33 2
42 34 12
42 35 2
42 36 14
42 37 16
42 38 6
42 39 2
42 40 19
42 41 4
42 43 20
42 44 2
42 45 17
42 46 19
42 48 2
42 49 5
42 50 7
42 51 10
42 52 16
42 53 1
42 54 2
42 55 14
42 56 2
42 57 16
42 58 20
42 59 20
42 60 15
42 61 12
42 62 14
42 63 5
42 64 12
42 65 12
42 66 19
42 67 16
42 69 20
42 70 1
42 71 20
42 72 7
42 73 12
42 75 12
42 76 12
42 77 8
42 78 17
42 79 7
42 81 9
42 82 19
42 83 3
42 87 4
42 88 17
42 89 11
42 91 18
42 92 14
42 94 8
42 95 4
42 96 17
42 97 1
42 99 13
43 1 19
43 3 4
43 4 20
43 5 5
43 6 8
43 7 11
43 10 14
43 11 16
43 12 1
43 13 13
43 15 1
43 17 13
43 18 10
43 19 19
43 20 20
43 21 15
43 22 8
43 23 17
43 24 7
43 25 7
43 26 13
43 27 4
43 28 11
43 29 1
43 31 13
43 32 16
43 34 13
43 36 14
43 37 6
43 38 20
43 39 11
43 40 14
43 41 6
43 42 20
43 44 18
43 45 7
43 46 19
43 47 10
43 48 19
43 49 4
43 50 17
43 51 4
43 52 10
43 53 20
43 54 11
43 56 14
43 58 18
43 59 15
43 60 18
43 61 8
43 62 10
43 63 5
43 64 4
43 65 18
43 66 4
43 67 20
43 68 1
43 69 13
43 70 1
43 71 20
43 73 3
43 74 3
43 75 5
43 76 8
43 77 14
43 78 2
43 79 2
43 81 14
43 82 5
43 83 8
43 85 13
43 86 14
43 87 6
43 88 20
43 89 20
43 90 7
43 92 6
43 93 1
43 95 7
43 96 7
43 98 16
43 99 12
44 0 19
44 1 12
44 2 16
44 3 18
44 5 17
44 6 3
44 8 20
44 9 8
44 10 8
44 12 13
44 13 2
44 14 15
44 15 15
44 16 17
44 17 18
44 18 16
44 19 11
44 20 20
44 22 5
44 23 7
44 24 1
44 25 1
44 26 18
44 27 18
44 28 6
44 30 3
44 31 13
44 33 20
44 34 12
44 35 5
44 36 4
44 37 4
44 38 9
44 40 5
44 41 16
44 42 18
44 47 17
44 48 15
44 49 10
44 50 8
44 51 17
44 52 19
44 53 17
44 54 14
44 56 14
44 58 9
44 59 1
44 61 6
44 62 8
44 63 20
44 64 11
44 66 14
44 67 18
44 68 6
44 70 18
44 71 18
44 72 1
44 73 16
44 74 5
44 75 12
44 76 15
44 77 7
44 79 7
44 80 5
44 83 13
44 84 16
44 85 12
44 86 6
44 87 14
44 88 17
44 90 2
44 91 19
44 92 19
44 93 1
44 94 1
44 95 11
44 96 2
44 97 17
44 99 12
45 2 5
45 3 10
45 4 19
45 5 7
45 6 19
45 7 20
45 8 3
45 9 16
45 11 1
45 12 15
45 14 4
45 15 20
45 16 5
45 18 6
45 21 1
45 22 2
45 23 3
45 25 6
45 26 7
45 27 10
45 28 4
45 29 16
45 30 4
45 32 5
45 33 8
45 37 8
45 38 9
45 39 13
45 40 13
45 41 11
45 42 8
45 43 3
45 44 12
45 46 4
45 47 13
45 50 9
45 51 9
45 53 18
45 54 1
45 56 1
45 57 5
45 58 16
45 59 1
45 60 11
45 62 2
45 63 14
45 64 10
45 65 7
45 66 7
45 67 9
45 70 1
45 71 18
45 72 14
45 73 8
45 74 12
45 75 20
45 76 6
45 77 2
45 78 13
45 79 1
45 80 16
45 81 17
45 82 1
45 83 19
45 84 20
45 86 10
45 87 19
45 88 20
45 89 13
45 93 20
45 94 8
45 95 3
45 96 1
45 97 3
45 98 20
46 0 15
46 1 14
46 2 9
46 3 2
46 4 19
46 5 15
46 7 13
46 8 13
46 9 18
46 10 8
46 13 19
46 15 1
46 16 7
46 17 20
46 18 17
46 20 18
46 22 19
46 23 17
46 24 3
46 26 9
46 29 5
46 30 13
46 31 2
46 32 14
46 34 10
46 35 6
46 36 14
46 37 14
46 38 10
46 39 1
46 40 13
46 41 18
46 42 1
46 43 14
46 44 20
46 45 16
46 47 10
46 48 11
46 49 4
46 50 10
46 52 18
46 53 8
46 54 4
46 55 3
46 56 17
46 57 13
46 58 7
46 59 14
46 60 18
46 61 2
46 62 10
46 63 11
46 66 19
46 68 20
46 69 13
46 70 3
46 71 5
46 73 8
46 74 9
46 75 12
46 76 13
46 77 5
46 80 4
46 81 11
46 82 3
46 83 15
46 84 5
46 85 9
46 86 10
46 87 8
46 89 12
46 90 7
46 91 14
46 92 1
46 93 15
46 94 10
46 95 17
46 96 5
46 98 4
46 99 15
47 0 13
47 1 17
47 2 15
47 3 3
47 5 9
47 6 20
47 7 8
47 8 14
47 9 19
47 10 11
47 11 18
47 12 12
47 13 15
47 14 13
47 16 20
47 19 12
47 20 7
47 21 2
47 24 2
47 27 13
47 30 14
47 31 6
47 32 10
47 33 18
47 36 11
47 37 10
47 38 7
47 39 9
47 40 8
47 41 16
47 42 6
47 43 9
47 44 18
47 45 12
47 46 11
47 49 8
47 50 20
47 51 7
47 52 8
47 53 7
47 54 8
47 55 7
47 56 3
47 57 4
47 58 19
47 59 20
47 60 6
47 61 1
47 62 17
47 65 13
47 66 20
47 68 6
47 69 5
47 71 15
47 73 6
47 74 7
47 75 10
47 76 6
47 77 4
47 78 14
47 79 2
47 80 4
47 81 5
47 83 2
47 84 16
47 85 10
47 86 10
47 87 3
47 88 8
47 89 19
47 91 2
47 92 15
47 93 18
47 94 16
47 95 17
47 96 17
47 97 9
47 98 16
47 99 11
48 0 11
48 2 15
48 3 19
48 4 3
48 5 12
48 6 15
48 7 15
48 8 20
48 9 19
48 10 1
48 11 17
48 12 17
48 13 9
48 15 2
48 16 4
48 19 12
48 20 4
48 21 9
48 22 9
48 23 17
48 24 6
48 25 13
48 26 2
48 27 9
48 28 5
48 30 5
48 32 20
48 33 5
48 35 2
48 36 18
48 37 14
48 38 3
48 40 5
48 41 3
48 42 15
48 44 4
48 46 2
48 47 8
48 49 5
48 51 7
48 52 8
48 53 15
48 54 20
48 55 5
48 56 2
48 57 12
48 58 2
48 59 17
48 61 1
48 62 6
48 63 15
48 66 18
48 67 4
48 68 19
48 69 2
48 71 15
48 73 8
48 74 7
48 75 10
48 77 13
48 78 10
48 80 3
48 81 14
48 83 5
48 86 12
48 87 12
48 88 12
48 89 9
48 91 8
48 92 17
48 93 11
48 95 10
48 97 3
48 98 15
48 99 5
49 0 11
49 1 5
49 2 11
49 3 1
49 4 4
49 5 7
49 6 5
49 7 8
49 10 14
49 11 6
49 12 18
49 13 9
49 14 14
49 15 8
49 18 7
49 19 19
49 20 8
49 24 20
49 25 20
49 26 4
49 27 3
49 29 18
49 30 13
49 31 16
49 32 17
49 33 6
49 34 9
49 35 20
49 36 7
49 37 19
49 38 3
49 39 11
49 40 9
49 41 18
49 43 12
49 44 5
49 45 5
49 46 15
49 47 6
49 48 9
49 50 4
49 51 5
49 52 6
49 53 12
49 54 17
49 56 1
49 57 9
49 58 14
49 60 13
49 61 16
49 62 10
49 63 1
49 64 2
49 65 16
49 66 2
49 67 19
49 68 10
49 69 9
49 70 3
49 71 9
49 72 4
49 73 10
49 75 8
49 76 1
49 78 9
49 80 16
49 81 18
49 83 5
49 84 3
49 85 17
49 86 5
49 87 5
49 89 2
49 90 6
49 91 11
49 92 20
49 93 5
49 94 3
49 96 16
49 98 6
49 99 17
50 0 8
50 1 5
50 3 8
50 4 8
50 5 18
50 6 12
50 9 4
50 10 6
50 11 7
50 12 18
50 13 3
50 14 13
50 17 9
50 18 19
50 19 6
50 20 5
50 22 9
50 23 6
50 24 16
50 25 12
50 27 16
50 28 13
50 29 8
50 30 10
50 31 4
50 32 10
50 35 4
50 37 11
50 38 8
50 39 10
50 40 5
50 41 4
50 42 12
50 43 11
50 45 6
50 46 13
50 47 3
50 48 5
50 49 20
50 51 5
50 52 20
50 53 18
50 54 19
50 56 6
50 58 5
50 59 2
50 62 8
50 63 3
50 65 13
50 67 16
50 68 12
50 69 14
50 71 14
50 72 18
50 73 14
50 77 2
50 78 13
50 79 7
50 80 19
50 81 9
50 82 16
50 83 4
50 84 3
50 85 18
50 87 19
50 89 3
50 90 12
50 91 14
50 93 5
50 94 11
50 95 8
50 97 16
50 98 18
50 99 15
51 0 7
51 1 17
51 2 10
51 3 8
51 5 14
51 6 5
51 7 12
51 8 11
51 9 16
51 12 14
51 13 17
51 14 19
51 15 8
51 17 3
51 18 7
51 20 3
51 22 20
51 23 11
51 24 12
51 25 6
51 26 13
51 27 7
51 28 18
51 29 10
51 30 11
51 31 8
51 33 18
51 34 10
51 35 1
51 36 7
51 37 5
51 39 6
51 40 15
51 41 9
51 42 19
51 43 9
51 44 3
51 45 17
51 46 3
51 47 16
51 48 17
51 49 16
51 50 15
51 52 4
51 53 17
51 54 7
51 55 13
51 56 14
51 57 7
51 58 3
51 60 20
51 61 6
51 62 17
51 63 17
51 64 15
51 66 5
51 67 15
51 68 15
51 69 2
51 70 5
51 71 18
51 72 5
51 73 20
51 74 7
51 75 18
51 76 16
51 78 10
51 79 15
51 80 7
51 83 16
51 84 12
51 85 2
51 87 16
51 88 4
51 89 13
51 95 18
51 96 20
51 97 14
51 98 8
51 99 18
52 0 9
52 1 6
52 2 9
52 3 9
52 5 7
52 6 15
52 9 5
52 12 18
52 13 5
52 14 9
52 16 10
52 17 7
52 18 14
52 20 12
52 21 5
52 22 7
52 23 10
52 25 13
52 26 15
52 28 9
52 29 4
52 30 6
52 31 2
52 32 13
52 33 10
52 34 10
52 36 11
52 37 15
52 38 15
52 39 16
52 40 20
52 43 8
52 45 7
52 46 3
52 47 13
52 48 2
52 50 7
52 51 1
52 53 13
52 55 20
52 56 16
52 57 6
52 58 20
52 61 14
52 62 3
52 63 1
52 64 12
52 65 18
52 67 13
52 68 5
52 69 1
52 70 4
52 71 10
52 72 16
52 73 1
52 74 6
52 75 19
52 76 17
52 77 5
52 78 11
52 79 6
52 80 13
52 81 9
52 82 3
52 83 14
52 85 8
52 87 4
52 88 20
52 89 8
52 90 14
52 91 2
52 92 12
52 93 2
52 94 4
52 95 11
52 96 18
52 98 14
52 99 13
53 0 6
53 1 18
53 3 18
53 5 1
53 6 13
53 7 5
53 9 11
53 10 18
53 11 18
53 13 1
53 15 16
53 16 17
53 18 14
53 20 8
53 21 17
53 22 16
53 24 5
53 25 17
53 26 12
53 27 12
53 28 1
53 29 12
53 30 19
53 31 10
53 34 8
53 35 6
53 36 19
53 37 18
53 40 2
53 41 10
53 42 4
53 43 3
53 44 20
53 45 11
53 46 7
53 47 12
53 48 19
53 49 18
53 50 9
53 51 12
53 52 3
53 54 20
53 55 3
53 56 1
53 57 12
53 58 15
53 59 17
53 61 10
53 62 2
53 63 10
53 64 4
53 65 7
53 66 6
53 67 2
53 71 9
53 72 18
53 73 6
53 74 3
53 75 18
53 76 18
53 77 20
53 79 12
53 80 11
53 81 5
53 82 17
53 83 6
53 84 5
53 85 6
53 86 4
53 87 16
53 88 2
53 90 2
53 91 6
53 96 10
53 99 15
54 0 2
54 2 9
54 3 4
54 4 3
54 5 14
54 6 6
54 7 7
54 8 9
54 9 18
54 10 7
54 11 16
54 12 9
54 13 6
54 14 3
54 15 19
54 16 2
54 17 14
54 18 16
54 19 4
54 20 18
54 22 2
54 23 14
54 24 6
54 25 7
54 26 4
54 27 18
54 28 13
54 30 9
54 31 5
54 32 6
54 33 12
54 34 17
54 37 16
54 38 16
54 39 10
54 41 11
54 43 4
54 44 6
54 46 5
54 48 3
54 50 15
54 51 1
54 52 15
54 53 5
54 57 18
54 59 13
54 60 4
54 61 13
54 62 1
54 63 9
54 64 9
54 66 20
54 67 3
54 68 12
54 69 2
54 70 19
54 71 20
54 72 4
54 75 10
54 76 7
54 77 4
54 78 19
54 79 6
54 80 17
54 82 19
54 84 8
54 86 10
54 87 13
54 89 19
54 90 9
54 92 20
54 94 4
54 95 17
54 96 10
54 98 15
54 99 16
55 1 1
55 2 17
55 3 3
55 4 13
55 5 19
55 6 3
55 7 3
55 8 16
55 9 3
55 12 2
55 13 9
55 15 20
55 16 2
55 17 2
55 18 8
55 19 3
55 20 19
55 21 20
55 22 13
55 24 12
55 25 4
55 26 13
55 28 17
55 30 20
55 31 9
55 32 14
55 34 5
55 35 11
55 37 18
55 38 1
55 39 7
55 40 17
55 42 10
55 44 11
55 45 20
55 46 2
55 47 8
55 49 14
55 50 17
55 52 12
55 53 6
55 54 12
55 56 16
55 57 20
55 59 13
55 61 13
55 62 10
55 63 7
55 64 12
55 65 13
55 66 20
55 67 12
55 68 17
55 69 16
55 70 1
55 72 11
55 73 20
55 74 9
55 75 5
55 77 18
55 79 6
55 80 17
55 82 14
55 83 20
55 84 20
55 85 8
55 87 5
55 89 18
55 90 18
55 91 1
55 93 7
55 94 2
55 95 14
55 96 13
55 97 13
55 98 17
55 99 12
56 0 18
56 1 11
56 4 10
56 5 6
56 6 6
56 7 3
56 9 15
56 10 19
56 11 4
56 12 9
56 14 1
56 15 14
56 19 10
56 20 6
56 21 5
56 22 1
56 23 16
56 25 12
56 26 1
56 27 4
56 28 12
56 30 17
56 31 9
56 34 14
56 35 9
56 36 14
56 37 18
56 38 6
56 40 11
56 41 14
56 42 20
56 43 7
56 44 2
56 45 2
56 46 6
56 47 10
56 48 12
56 49 12
56 50 9
56 52 6
56 53 4
56 57 4
56 58 8
56 59 7
56 60 1
56 61 9
56 62 3
56 63 9
56 65 16
56 66 12
56 67 12
56 68 9
56 69 7
56 70 12
56 72 4
56 73 18
56 74 15
56 75 13
56 77 7
56 78 16
56 80 11
56 82 13
56 83 13
56 86 5
56 87 2
56 88 20
56 89 18
56 90 13
56 91 10
56 93 15
56 94 14
56 95 8
56 96 2
56 97 15
56 98 13
56 99 9
57 1 7
57 2 12
57 3 1
57 8 4
57 9 9
57 11 3
57 13 3
57 14 9
57 15 15
57 17 17
57 18 19
57 19 19
57 20 17
57 21 11
57 22 4
57 23 4
57 24 1
57 25 10
57 26 11
57 27 12
57 28 6
57 29 18
57 30 10
57 31 6
57 32 1
57 33 10
57 34 10
57 35 19
57 36 7
57 37 16
57 38 16
57 40 10
57 41 5
57 42 8
57 44 10
57 46 11
57 47 4
57 48 11
57 49 11
57 50 14
57 51 17
57 52 5
57 53 12
57 54 19
57 55 14
57 56 11
57 58 1
57 59 6
57 60 14
57 62 10
57 63 6
57 64 3
57 66 15
57 67 7
57 68 2
57 69 8
57 71 7
57 72 10
57 74 18
57 75 3
57 76 5
57 77 5
57 78 5
57 81 19
57 82 18
57 83 4
57 84 5
57 85 12
57 86 5
57 87 10
57 88 4
57 89 15
57 91 14
57 92 5
57 94 10
57 95 10
57 96 8
57 97 4
57 99 5
58 0 13
58 1 13
58 4 14
58 5 15
58 7 4
58 8 7
58 10 14
58 11 17
58 12 15
58 13 19
58 14 19
58 16 17
58 17 20
58 18 4
58 20 15
58 21 1
58 22 2
58 23 8
58 24 17
58 25 19
58 26 16
58 27 19
58 28 13
58 29 19
58 31 7
58 32 9
58 33 8
58 34 1
58 35 14
58 36 13
58 37 2
58 41 9
58 42 19
58 43 18
58 44 20
58 45 2
58 46 11
58 47 7
58 48 8
58 50 15
58 51 8
58 52 14
58 53 6
58 56 7
58 57 5
58 61 6
58 63 13
58 64 8
58 65 2
58 67 7
58 68 19
58 70 8
58 73 5
58 74 5
58 75 12
58 78 16
58 79 2
58 80 19
58 81 4
58 82 5
58 83 12
58 84 4
58 85 2
58 86 3
58 87 15
58 88 5
58 89 20
58 90 16
58 91 4
58 92 14
58 93 7
58 94 6
58 95 6
58 96 11
58 97 18
58 98 11
58 99 6
59 1 13
59 4 17
59 5 6
59 6 8
59 7 5
59 9 7
59 10 8
59 11 4
59 13 11
59 15 19
59 16 2
59 17 1
59 18 4
59 19 1
59 20 4
59 21 9
59 22 9
59 23 20
59 24 5
59 25 12
59 26 7
59 27 13
59 29 18
59 30 19
59 31 20
59 32 11
59 33 11
59 36 20
59 39 7
59 40 7
59 41 11
59 43 20
59 44 16
59 45 19
59 47 15
59 48 7
59 49 10
59 50 19
59 52 4
59 53 11
59 54 19
59 55 13
59 56 5
59 57 17
59 58 18
59 60 6
59 61 19
59 62 6
59 63 12
59 64 8
59 66 13
59 67 20
59 71 13
59 72 17
59 73 6
59 74 11
59 75 15
59 76 19
59 77 1
59 78 7
59 79 19
59 80 18
59 81 15
59 82 12
59 84 13
59 87 9
59 88 5
59 89 10
59 90 3
59 91 18
59 94 17
59 95 10
59 96 8
59 97 3
59 98 19
59 99 1
60 0 3
60 1 16
60 3 19
60 4 7
60 5 13
60 6 18
60 7 6
60 8 18
60 9 4
60 10 18
60 11 3
60 12 3
60 13 15
60 14 17
60 16 10
60 18 16
60 19 7
60 20 9
60 21 2
60 22 6
60 23 4
60 24 6
60 25 19
60 26 16
60 27 7
60 28 11
60 29 15
60 30 17
60 32 6
60 34 3
60 35 10
60 36 17
60 37 12
60 38 18
60 39 20
60 42 18
60 43 4
60 44 6
60 45 4
60 46 13
60 50 1
60 51 20
60 53 12
60 54 8
60 55 20
60 56 10
60 57 10
60 58 4
60 61 3
60 63 1
60 64 11
60 66 9
60 67 7
60 68 13
60 69 16
60 70 13
60 71 9
60 73 16
60 74 8
60 75 3
60 76 19
60 77 14
60 78 7
60 81 19
60 82 12
60 83 1
60 84 4
60 85 9
60 86 13
60 90 2
60 91 4
60 92 20
60 93 7
60 94 5
60 95 1
60 97 7
60 98 7
61 0 16
61 1 2
61 2 9
61 3 14
61 4 12
61 5 14
61 7 19
61 8 7
61 9 13
61 10 11
61 11 19
61 13 10
61 14 15
61 16 17
61 17 13
61 18 6
61 19 6
61 20 11
61 21 19
61 22 19
61 23 15
61 24 4
61 27 10
61 29 15
61 31 1
61 32 16
61 34 4
61 35 3
61 36 7
61 37 12
61 40 3
61 41 16
61 43 4
61 44 1
61 45 16
61 49 13
61 50 19
61 51 14
61 52 14
61 54 3
61 55 12
61 58 13
61 59 8
61 60 3
61 62 4
61 63 17
61 64 5
61 66 9
61 68 15
61 69 10
61 70 5
61 73 14
61 74 14
61 75 13
61 77 14
61 80 5
61 81 5
61 82 3
61 83 6
61 84 15
61 85 19
61 86 19
61 87 13
61 89 10
61 90 5
61 92 1
61 93 6
61 94 18
61 95 5
61 96 11
61 97 15
61 99 8
62 0 15
62 1 18
62 3 12
62 4 4
62 5 7
62 6 12
62 8 2
62 9 17
62 10 4
62 11 20
62 12 8
62 13 10
62 14 15
62 15 17
62 16 17
62 19 20
62 20 15
62 21 6
62 22 13
62 23 20
62 24 20
62 26 14
62 27 7
62 28 6
62 29 17
62 31 7
62 32 1
62 33 6
62 34 12
62 36 20
62 38 11
62 39 13
62 40 10
62 41 3
62 43 6
62 44 5
62 45 11
62 46 17
62 48 5
62 50 9
62 54 15
62 55 13
62 56 9
62 57 3
62 58 19
62 59 17
62 60 7
62 61 18
62 63 14
62 64 20
62 65 16
62 66 12
62 67 5
62 70 9
62 71 11
62 73 7
62 74 10
62 75 16
62 77 5
62 78 12
62 79 13
62 80 5
62 82 19
62 83 5
62 84 5
62 85 9
62 86 12
62 87 1
62 88 19
62 89 11
62 90 17
62 91 12
62 92 2
62 93 14
62 94 17
62 95 12
62 96 13
62 97 19
62 98 12
63 0 2
63 1 16
63 2 16
63 3 20
63 5 1
63 6 12
63 8 1
63 9 14
63 10 18
63 11 8
63 13 3
63 14 18
63 17 10
63 18 20
63 19 14
63 20 7
63 21 6
63 22 19
63 23 14
63 24 14
63 25 18
63 26 4
63 27 3
63 29 6
63 30 18
63 31 2
63 32 8
63 34 7
63 36 6
63 37 18
63 39 12
63 42 15
63 43 15
63 44 8
63 45 3
63 46 13
63 48 18
63 49 10
63 50 17
63 51 19
63 52 5
63 53 16
63 54 6
63 55 6
63 56 19
63 57 19
63 58 19
63 60 2
63 61 14
63 62 4
63 64 5
63 65 13
63 66 20
63 68 16
63 69 9
63 71 4
63 73 18
63 74 4
63 76 14
63 77 3
63 78 11
63 79 15
63 80 4
63 82 14
63 83 13
63 84 12
63 85 4
63 86 5
63 87 9
63 88 15
63 89 2
63 90 15
63 91 3
63 92 1
63 93 18
63 95 5
63 96 1
63 97 14
63 98 15
63 99 11
64 0 9
64 1 10
64 4 7
64 5 12
64 6 5
64 7 16
64 8 6
64 9 19
64 10 11
64 11 7
64 12 13
64 13 20
64 14 12
64 16 1
64 17 18
64 18 16
64 19 5
64 20 19
64 22 17
64 23 15
64 24 8
64 26 1
64 27 15
64 28 3
64 29 12
64 32 19
64 33 11
64 35 16
64 36 12
64 39 3
64 40 15
64 41 14
64 42 2
64 43 12
64 44 17
64 46 16
64 48 4
64 49 2
64 50 4
64 51 13
64 52 7
64 53 14
64 54 7
64 55 1
64 56 7
64 58 4
64 59 1
64 60 5
64 61 5
64 62 17
64 63 8
64 65 18
64 66 1
64 67 17
64 68 18
64 69 12
64 71 4
64 72 12
64 73 15
64 74 4
64 75 18
64 76 13
64 77 11
64 79 2
64 82 18
64 83 14
64 84 2
64 85 2
64 86 15
64 87 19
64 88 8
64 89 19
64 90 6
64 91 10
64 92 12
64 93 12
64 94 19
64 95 4
64 96 20
64 97 1
64 99 9
65 0 11
65 2 18
65 4 6
65 5 11
65 6 13
65 7 19
65 8 16
65 10 5
65 11 2
65 12 13
65 13 6
65 14 6
65 15 20
65 16 3
65 17 9
65 21 2
65 22 16
65 23 6
65 24 7
65 25 12
65 26 12
65 27 9
65 28 5
65 29 20
65 31 10
65 33 12
65 34 3
65 36 6
65 37 7
65 38 10
65 39 18
65 40 11
65 41 3
65 42 7
65 43 7
65 44 16
65 45 18
65 47 7
65 48 18
65 49 10
65 50 2
65 51 1
65 52 3
65 53 5
65 54 13
65 55 15
65 56 16
65 57 14
65 58 16
65 59 17
65 60 12
65 62 8
65 63 1
65 64 10
65 67 11
65 68 14
65 69 18
65 70 2
65 72 9
65 73 7
65 74 20
65 75 14
65 76 12
65 77 1
65 79 20
65 81 6
65 82 4
65 83 18
65 84 3
65 85 4
65 86 9
65 87 1
65 91 19
65 92 17
65 94 7
65 95 13
65 96 5
65 98 3
65 99 12
66 1 1
66 2 9
66 3 19
66 6 14
66 7 17
66 8 19
66 9 16
66 11 15
66 12 16
66 13 7
66 15 13
66 16 8
66 17 17
66 18 20
66 19 16
66 20 17
66 21 2
66 22 14
66 24 6
66 25 15
66 26 16
66 27 17
66 28 9
66 29 7
66 32 2
66 33 4
66 34 13
66 35 8
66 36 7
66 37 10
66 38 5
66 39 13
66 41 12
66 42 14
66 43 15
66 44 19
66 45 9
66 46 5
66 47 11
66 50 9
66 51 8
66 53 1
66 54 10
66 55 3
66 56 5
66 57 16
66 59 6
66 61 3
66 63 9
66 64 3
66 65 11
66 67 5
66 68 19
66 69 2
66 71 6
66 72 7
66 73 3
66 74 17
66 75 7
66 77 11
66 78 3
66 80 10
66 81 16
66 82 17
66 83 18
66 84 3
66 86 19
66 88 2
66 90 5
66 91 20
66 94 8
66 95 8
66 96 16
66 97 8
66 98 9
66 99 9
67 0 20
67 1 10
67 3 18
67 4 20
67 5 6
67 6 6
67 7 1
67 8 17
67 9 13
67 10 19
67 11 8
67 12 2
67 13 10
67 14 19
67 15 2
67 17 12
67 18 12
67 19 13
67 21 9
67 22 19
67 23 10
67 24 20
67 25 1
67 26 18
67 27 5
67 28 10
67 29 17
67 30 17
67 31 16
67 32 16
67 33 6
67 34 14
67 35 18
67 38 9
67 40 15
67 41 7
67 42 9
67 43 1
67 44 18
67 45 13
67 46 18
67 47 10
67 48 2
67 49 15
67 50 4
67 51 14
67 53 10
67 54 3
67 55 16
67 56 8
67 57 11
67 58 12
67 59 12
67 60 17
67 61 7
67 62 14
67 63 1
67 64 7
67 65 17
67 66 8
67 68 11
67 69 11
67 71 9
67 73 7
67 74 12
67 75 12
67 76 8
67 77 2
67 78 7
67 79 6
67 81 13
67 82 15
67 83 4
67 84 5
67 85 13
67 86 12
67 89 19
67 90 18
67 91 9
67 92 15
67 93 17
67 96 2
67 97 18
67 99 3
68 0 4
68 1 13
68 2 2
68 3 7
68 4 18
68 5 14
68 7 3
68 9 10
68 10 16
68 11 6
68 12 16
68 13 3
68 15 2
68 16 14
68 18 8
68 19 7
68 21 20
68 22 20
68 23 1
68 24 1
68 25 1
68 28 7
68 29 20
68 30 10
68 31 19
68 32 14
68 34 17
68 35 14
68 37 19
68 38 8
68 39 13
68 40 4
68 41 12
68 43 17
68 44 9
68 47 4
68 48 13
68 49 13
68 50 1
68 52 17
68 53 11
68 54 10
68 55 3
68 57 12
68 58 7
68 60 7
68 61 10
68 62 17
68 63 4
68 64 12
68 65 6
68 66 7
68 67 11
68 69 14
68 70 1
68 72 15
68 74 11
68 75 4
68 76 2
68 77 12
68 80 19
68 81 7
68 82 8
68 83 7
68 84 13
68 85 14
68 86 4
68 87 17
68 88 20
68 90 20
68 91 1
68 92 13
68 93 18
68 94 15
68 95 14
68 96 11
68 97 11
68 98 15
69 0 5
69 1 18
69 2 18
69 4 4
69 5 1
69 6 15
69 7 3
69 8 5
69 10 6
69 12 13
69 13 20
69 14 7
69 15 1
69 16 8
69 18 6
69 19 10
69 20 19
69 21 4
69 22 18
69 24 19
69 25 18
69 26 18
69 27 15
69 28 19
69 30 2
69 31 6
69 32 2
69 34 5
69 37 4
69 39 15
69 40 12
69 41 9
69 42 4
69 44 16
69 46 1
69 47 3
69 48 3
69 49 6
69 50 8
69 51 10
69 52 15
69 54 20
69 55 3
69 56 16
69 57 19
69 58 20
69 59 12
69 60 16
69 61 19
69 64 19
69 65 9
69 66 20
69 68 16
69 70 19
69 71 12
69 73 18
69 74 12
69 76 12
69 77 8
69 78 8
69 79 4
69 80 2
69 81 10
69 83 14
69 84 17
69 86 17
69 87 12
69 89 13
69 90 2
69 93 3
69 94 1
69 96 7
69 98 15
69 99 9
70 1 4
70 2 7
70 3 19
70 4 3
70 5 14
70 6 18
70 7 13
70 8 12
70 9 14
70 10 14
70 11 4
70 12 18
70 15 13
70 17 18
70 19 5
70 20 19
70 21 3
70 23 11
70 25 18
70 26 19
70 28 3
70 29 7
70 30 5
70 31 7
70 32 10
70 33 2
70 34 3
70 35 5
70 36 13
70 37 16
70 38 12
70 39 11
70 40 5
70 41 15
70 42 11
70 44 3
70 45 20
70 48 20
70 50 2
70 51 1
70 52 9
70 53 8
70 54 20
70 56 16
70 57 20
70 58 5
70 60 19
70 62 8
70 63 1
70 66 9
70 67 2
70 68 15
70 71 2
70 73 7
70 77 15
70 78 12
70 80 19
70 81 11
70 82 7
70 84 4
70 85 13
70 87 18
70 88 10
70 89 19
70 90 17
70 91 13
70 92 2
70 93 10
70 94 11
70 96 10
70 97 1
70 98 2
70 99 20
71 0 3
71 1 10
71 2 18
71 3 3
71 5 8
71 6 6
71 7 6
71 8 7
71 9 17
71 10 2
71 11 12
71 12 13
71 13 1
71 14 15
71 15 12
71 16 17
71 17 6
71 18 18
71 19 18
71 20 9
71 22 10
71 23 10
71 25 6
71 26 3
71 28 13
71 29 13
71 30 15
71 31 12
71 33 4
71 34 8
71 35 5
71 36 8
71 37 11
71 38 10
71 39 20
71 40 5
71 41 14
71 42 20
71 43 17
71 44 6
71 45 7
71 46 4
71 47 11
71 48 13
71 50 20
71 51 18
71 52 6
71 53 14
71 55 15
71 57 20
71 59 8
71 60 17
71 64 2
71 65 13
71 66 4
71 67 17
71 69 19
71 70 3
71 72 12
71 73 15
71 74 17
71 75 18
71 79 11
71 80 19
71 81 18
71 82 17
71 83 13
71 84 2
71 85 12
71 89 14
71 90 14
71 91 6
71 92 12
71 93 15
71 94 17
71 96 6
71 97 18
71 98 6
71 99 12
72 0 1
72 1 20
72 2 13
72 3 11
72 4 6
72 5 4
72 6 4
72 7 16
72 8 19
72 9 14
72 10 9
72 11 5
72 12 17
72 13 19
72 14 6
72 16 20
72 17 17
72 20 3
72 21 14
72 23 6
72 25 20
72 26 16
72 27 3
72 29 18
72 30 3
72 32 3
72 33 7
72 34 14
72 35 6
72 36 11
72 37 18
72 38 15
72 39 12
72 40 7
72 41 6
72 43 8
72 44 2
72 45 2
72 47 20
72 48 17
72 50 19
72 51 14
72 54 12
72 55 1
72 56 8
72 57 17
72 58 12
72 59 3
72 61 7
72 63 8
72 64 9
72 65 14
72 66 5
72 67 2
72 68 6
72 69 17
72 70 16
72 71 12
72 73 15
72 74 18
72 75 9
72 76 8
72 77 13
72 78 9
72 79 20
72 80 6
72 81 16
72 83 8
72 84 7
72 85 3
72 86 20
72 87 14
72 88 3
72 89 11
72 90 9
72 91 19
72 92 17
72 94 14
72 95 17
72 96 16
72 97 12
72 98 1
72 99 6
73 0 5
73 1 9
73 2 9
73 3 11
73 4 14
73 5 10
73 6 13
73 9 7
73 10 15
73 12 3
73 13 18
73 15 17
73 16 16
73 17 13
73 19 10
73 20 11
73 21 5
73 23 16
73 25 19
73 26 19
73 27 4
73 28 11
73 30 4
73 32 8
73 33 14
73 34 7
73 35 6
73 37 9
73 41 8
73 42 11
73 45 6
73 47 2
73 48 15
73 49 7
73 50 7
73 51 14
73 55 15
73 57 3
73 58 7
73 59 4
73 60 19
73 61 13
73 62 18
73 63 13
73 65 1
73 66 6
73 68 18
73 69 12
73 70 7
73 71 8
73 72 9
73 74 4
73 77 17
73 78 5
73 81 16
73 82 13
73 84 12
73 85 8
73 86 12
73 87 6
73 88 17
73 89 8
73 90 3
73 91 13
73 92 8
73 93 19
73 94 5
73 95 9
73 97 5
73 98 1
73 99 4
74 0 18
74 1 13
74 2 13
74 3 2
74 4 2
74 7 10
74 8 12
74 9 5
74 10 14
74 11 8
74 12 7
74 14 5
74 15 3
74 17 15
74 18 19
74 20 15
74 21 20
74 22 3
74 23 5
74 24 16
74 25 1
74 27 19
74 28 19
74 29 6
74 30 5
74 31 12
74 33 9
74 34 14
74 37 4
74 38 20
74 39 20
74 40 1
74 42 2
74 43 15
74 44 19
74 45 5
74 46 7
74 47 3
74 48 19
74 49 12
74 50 11
74 51 10
74 53 17
74 55 7
74 56 8
74 57 6
74 59 6
74 60 9
74 61 14
74 62 1
74 63 12
74 64 20
74 65 16
74 67 3
74 68 10
74 70 2
74 71 6
74 72 8
74 76 11
74 77 12
74 78 8
74 79 8
74 80 18
74 82 11
74 83 10
74 85 5
74 87 7
74 88 3
74 91 7
74 92 18
74 93 5
74 94 2
74 97 4
74 98 7
74 99 17
75 1 5
75 2 1
75 3 9
75 4 16
75 5 15
75 7 15
75 9 5
75 10 13
75 11 20
75 12 9
75 13 13
75 14 5
75 15 17
75 16 3
75 17 10
75 18 14
75 19 7
75 20 12
75 21 14
75 22 7
75 23 1
75 24 13
75 25 17
75 26 17
75 29 4
75 30 15
75 31 16
75 32 16
75 34 3
75 35 4
75 36 14
75 37 13
75 38 19
75 39 3
75 40 15
75 41 20
75 42 16
75 43 10
75 44 1
75 46 20
75 47 12
75 48 20
75 53 11
75 54 15
75 56 12
75 57 4
75 59 13
75 60 18
75 61 19
75 62 11
75 65 10
75 66 20
75 67 7
75 68 2
75 70 6
75 71 17
75 72 15
75 73 17
75 74 12
75 76 10
75 77 1
75 78 4
75 79 9
75 80 7
75 82 5
75 83 5
75 84 15
75 85 5
75 86 4
75 87 15
75 88 4
75 90 12
75 91 20
75 92 17
75 93 12
75 95 9
75 96 7
75 97 2
75 98 17
75 99 17
76 0 3
76 2 2
76 3 5
76 4 15
76 5 15
76 6 11
76 7 18
76 8 9
76 9 2
76 10 12
76 11 11
76 15 1
76 17 10
76 18 12
76 19 2
76 20 9
76 21 12
76 23 1
76 24 3
76 25 3
76 26 1
76 28 1
76 29 1
76 30 8
76 31 3
76 33 17
76 34 18
76 35 15
76 37 6
76 38 1
76 39 5
76 40 1
76 41 12
76 43 20
76 44 16
76 45 8
76 46 15
76 47 13
76 48 3
76 49 10
76 50 6
76 51 14
76 52 10
76 54 8
76 55 8
76 56 2
76 57 12
76 59 10
76 60 9
76 62 16
76 63 19
76 64 8
76 65 18
76 67 15
76 68 10
76 70 15
76 71 14
76 72 12
76 74 5
76 75 18
76 77 3
76 78 19
76 79 15
76 82 8
76 83 14
76 84 16
76 85 6
76 86 17
76 87 11
76 88 14
76 89 13
76 90 5
76 91 2
76 92 2
76 94 10
76 96 16
77 1 6
77 4 9
77 5 2
77 6 10
77 7 10
77 8 3
77 9 11
77 10 4
77 11 2
77 12 15
77 15 18
77 16 17
77 17 6
77 18 19
77 19 5
77 20 12
77 22 6
77 23 19
77 25 16
77 26 17
77 27 5
77 29 4
77 30 14
77 31 16
77 32 10
77 33 18
77 34 1
77 36 8
77 38 12
77 39 2
77 40 19
77 41 20
77 42 7
77 43 16
77 44 1
77 45 5
77 47 12
77 48 13
77 49 15
77 50 11
77 52 9
77 53 9
77 54 4
77 55 18
77 56 2
77 57 8
77 58 4
77 59 8
77 60 19
77 61 4
77 62 19
77 63 12
77 64 18
77 65 15
77 66 7
77 67 8
77 68 15
77 70 19
77 73 14
77 74 17
77 75 5
77 76 11
77 78 5
77 79 12
77 80 4
77 81 10
77 82 14
77 83 19
77 85 5
77 86 6
77 87 3
77 89 4
77 90 19
77 91 2
77 92 9
77 93 10
77 95 6
77 96 6
77 97 20
77 98 18
77 99 14
78 1 16
78 2 6
78 3 8
78 4 6
78 5 3
78 6 2
78 7 5
78 9 4
78 10 19
78 11 3
78 14 5
78 15 2
78 17 12
78 18 2
78 19 1
78 20 11
78 21 5
78 22 11
78 23 9
78 25 19
78 26 11
78 27 3
78 28 9
78 29 20
78 30 16
78 31 14
78 32 6
78 34 16
78 35 3
78 37 3
78 38 20
78 39 19
78 40 8
78 41 20
78 42 8
78 43 17
78 44 12
78 46 8
78 47 19
78 48 5
78 49 14
78 50 8
78 51 20
78 52 18
78 53 7
78 54 5
78 55 17
78 56 15
78 57 2
78 58 12
78 59 5
78 60 15
78 61 16
78 62 14
78 64 2
78 65 11
78 66 18
78 67 13
78 68 17
78 69 14
78 71 14
78 72 18
78 73 16
78 74 6
78 75 2
78 77 17
78 79 18
78 80 9
78 81 1
78 83 18
78 84 3
78 86 14
78 87 16
78 91 19
78 93 8
78 94 14
78 96 16
78 97 3
78 98 4
79 0 15
79 1 4
79 2 13
79 3 12
79 4 9
79 5 17
79 6 9
79 7 3
79 8 15
79 9 1
79 10 5
79 11 4
79 12 16
79 18 11
79 19 9
79 20 8
79 21 2
79 22 14
79 23 2
79 24 12
79 25 13
79 26 3
79 27 8
79 29 11
79 30 17
79 31 5
79 32 2
79 33 15
79 34 5
79 35 12
79 36 2
79 37 18
79 38 9
79 39 14
79 40 3
79 41 12
79 42 16
79 43 6
79 45 15
79 46 12
79 47 11
79 48 12
79 49 7
79 50 12
79 51 20
79 52 14
79 53 18
79 54 1
79 55 14
79 56 2
79 57 1
79 60 3
79 61 9
79 62 8
79 63 15
79 64 3
79 65 8
79 69 12
79 70 4
79 72 18
79 73 6
79 75 18
79 76 9
79 77 19
79 78 3
79 80 4
79 81 20
79 82 18
79 84 14
79 85 16
79 87 8
79 88 14
79 89 19
79 90 8
79 91 10
79 92 4
79 93 7
79 94 17
79 95 7
79 96 8
79 98 15
79 99 18
80 0 2
80 3 7
80 5 19
80 6 16
80 8 17
80 9 16
80 10 1
80 11 17
80 12 8
80 13 12
80 14 4
80 15 8
80 17 16
80 18 5
80 20 15
80 23 8
80 24 5
80 25 3
80 26 4
80 27 14
80 28 20
80 29 9
80 30 18
80 31 14
80 33 8
80 34 5
80 35 5
80 36 6
80 37 10
80 38 19
80 39 5
80 40 13
80 41 6
80 42 15
80 43 8
80 44 7
80 45 17
80 46 5
80 48 15
80 49 12
80 50 9
80 52 5
80 53 12
80 58 2
80 59 14
80 62 6
80 63 16
80 64 11
80 65 20
80 66 11
80 67 14
80 68 9
80 69 10
80 70 7
80 73 7
80 74 16
80 75 13
80 76 15
80 77 2
80 78 3
80 79 2
80 81 16
80 83 12
80 84 17
80 85 12
80 88 2
80 89 11
80 90 17
80 91 8
80 92 17
80 93 9
80 95 6
80 96 6
80 97 14
80 98 12
81 0 6
81 1 1
81 2 8
81 3 15
81 4 2
81 5 8
81 6 15
81 7 10
81 8 16
81 9 17
81 10 4
81 13 19
81 14 19
81 16 4
81 18 14
81 20 15
81 21 10
81 22 16
81 23 12
81 24 17
81 25 11
81 26 1
81 27 1
81 29 10
81 32 9
81 33 17
81 34 20
81 36 5
81 37 3
81 38 20
81 39 19
81 40 15
81 41 13
81 42 1
81 43 18
81 44 20
81 45 18
81 48 4
81 49 11
81 50 13
81 52 3
81 53 3
81 54 19
81 55 6
81 56 10
81 57 3
81 60 12
81 61 3
81 62 15
81 63 8
81 65 6
81 66 4
81 67 15
81 68 4
81 69 3
81 70 14
81 71 10
81 73 8
81 74 8
81 76 13
81 77 13
81 78 5
81 79 20
81 80 3
81 82 6
81 83 19
81 84 11
81 85 18
81 86 4
81 87 17
81 88 6
81 89 8
81 90 10
81 91 11
81 92 8
81 93 13
81 94 8
81 95 11
81 96 1
81 97 20
81 98 2
81 99 16
82 1 10
82 2 10
82 5 4
82 6 2
82 7 1
82 12 16
82 13 20
82 14 15
82 15 18
82 16 4
82 17 18
82 19 9
82 20 8
82 21 12
82 22 16
82 23 15
82 24 4
82 25 19
82 26 16
82 27 11
82 28 9
82 30 15
82 31 20
82 32 2
82 33 10
82 37 17
82 38 9
82 39 7
82 40 10
82 41 1
82 43 10
82 44 14
82 45 11
82 47 19
82 48 9
82 49 19
82 50 12
82 51 8
82 52 2
82 53 14
82 54 19
82 55 17
82 56 15
82 57 5
82 58 10
82 59 6
82 60 19
82 61 6
82 62 4
82 63 3
82 64 5
82 65 5
82 67 6
82 68 12
82 69 19
82 70 15
82 71 7
82 72 10
82 74 5
82 75 7
82 77 13
82 78 20
82 79 5
82 83 13
82 84 6
82 85 5
82 86 20
82 87 9
82 89 9
82 91 7
82 93 7
82 94 3
82 96 2
82 98 8
82 99 19
83 1 10
83 2 7
83 3 10
83 4 2
83 5 16
83 6 10
83 7 2
83 8 14
83 9 7
83 10 14
83 11 18
83 12 11
83 13 4
83 14 20
83 15 5
83 16 4
83 18 12
83 19 9
83 20 14
83 21 1
83 22 2
83 23 5
83 24 7
83 26 6
83 27 12
83 28 12
83 30 13
83 34 12
83 36 14
83 37 13
83 38 12
83 39 18
83 40 19
83 41 5
83 42 16
83 43 17
83 44 13
83 45 18
83 46 10
83 47 18
83 48 19
83 49 4
83 50 14
83 51 8
83 52 8
83 53 3
83 55 1
83 57 10
83 58 4
83 59 7
83 60 6
83 61 19
83 63 19
83 64 2
83 66 18
83 68 16
83 69 14
83 70 7
83 71 7
83 72 1
83 73 10
83 74 20
83 75 3
83 76 15
83 79 15
83 80 16
83 81 2
83 84 8
83 85 11
83 86 4
83 88 2
83 90 15
83 92 19
83 95 8
83 96 9
83 97 9
84 1 9
84 2 18
84 3 2
84 4 10
84 6 1
84 7 6
84 9 20
84 10 8
84 11 7
84 13 5
84 14 19
84 15 9
84 17 10
84 18 1
84 19 7
84 20 14
84 21 19
84 22 17
84 23 6
84 26 15
84 27 12
84 30 6
84 34 7
84 35 7
84 36 20
84 37 19
84 38 14
84 39 14
84 41 2
84 42 1
84 43 17
84 44 4
84 45 17
84 46 3
84 47 11
84 48 12
84 49 3
84 50 8
84 52 1
84 53 16
84 54 19
84 55 19
84 56 16
84 57 18
84 59 11
84 60 9
84 63 12
84 64 18
84 65 14
84 66 16
84 67 12
84 69 2
84 70 19
84 71 20
84 72 3
84 73 19
84 74 8
84 75 3
84 76 7
84 77 17
84 78 7
84 79 12
84 80 1
84 81 19
84 82 5
84 83 17
84 85 19
84 87 17
84 88 16
84 89 5
84 90 13
84 91 14
84 92 18
84 93 6
84 94 14
84 96 19
84 97 2
84 98 5
85 0 20
85 2 11
85 3 11
85 4 20
85 5 9
85 6 12
85 7 18
85 8 18
85 9 20
85 10 10
85 11 14
85 12 9
85 13 13
85 15 19
85 16 12
85 17 5
85 18 14
85 19 12
85 20 1
85 21 7
85 22 7
85 24 3
85 26 19
85 27 9
85 28 4
85 29 5
85 30 13
85 31 19
85 32 18
85 34 5
85 36 16
85 37 14
85 38 1
85 39 17
85 40 6
85 41 2
85 43 4
85 44 2
85 45 20
85 47 4
85 50 10
85 51 5
85 52 6
85 53 6
85 55 6
85 56 5
85 57 12
85 58 10
85 59 5
85 61 8
85 62 7
85 63 11
85 64 10
85 65 15
85 66 8
85 67 17
85 68 9
85 69 9
85 70 20
85 71 16
85 72 14
85 73 6
85 74 5
85 75 11
85 76 7
85 77 4
85 78 12
85 79 8
85 81 9
85 82 6
85 83 13
85 84 20
85 86 14
85 87 11
85 89 2
85 90 17
85 91 14
85 92 17
85 94 5
85 96 7
85 97 11
85 98 1
86 1 16
86 3 20
86 4 11
86 5 11
86 6 4
86 7 9
86 8 9
86 10 2
86 11 2
86 12 16
86 14 2
86 16 18
86 17 1
86 18 2
86 20 4
86 21 2
86 23 13
86 25 8
86 26 17
86 27 6
86 28 11
86 29 2
86 30 11
86 32 20
86 33 13
86 36 12
86 37 9
86 38 6
86 39 6
86 41 5
86 42 8
86 44 14
86 45 18
86 46 15
86 47 9
86 48 16
86 49 2
86 50 16
86 52 3
86 54 6
86 57 6
86 58 8
86 59 11
86 60 5
86 61 10
86 62 15
86 63 19
86 64 14
86 66 10
86 68 10
86 69 7
86 70 2
86 71 12
86 72 8
86 73 2
86 74 11
86 75 9
86 76 4
86 77 12
86 78 15
86 80 15
86 81 16
86 82 4
86 84 3
86 85 18
86 88 13
86 89 13
86 90 8
86 91 17
86 92 7
86 94 5
86 95 11
86 97 9
86 98 8
86 99 19
87 0 19
87 2 2
87 3 13
87 4 13
87 6 2
87 7 10
87 9 11
87 10 19
87 11 9
87 13 5
87 14 20
87 15 12
87 17 4
87 18 14
87 19 8
87 20 10
87 21 12
87 22 9
87 23 19
87 24 1
87 26 12
87 27 6
87 28 11
87 29 19
87 30 2
87 32 9
87 33 2
87 34 20
87 37 12
87 38 13
87 39 6
87 40 11
87 41 9
87 42 18
87 43 8
87 44 18
87 46 10
87 47 1
87 48 15
87 49 14
87 50 5
87 54 8
87 55 9
87 56 4
87 57 7
87 61 15
87 62 5
87 63 17
87 64 17
87 65 20
87 66 17
87 67 14
87 68 7
87 70 20
87 72 15
87 73 1
87 74 18
87 75 9
87 77 2
87 78 19
87 79 4
87 80 11
87 81 13
87 83 11
87 84 7
87 85 15
87 86 14
87 88 3
87 90 17
87 92 16
87 93 14
87 95 18
87 96 14
87 97 20
87 98 19
88 0 17
88 2 16
88 3 8
88 4 16
88 5 20
88 6 6
88 7 18
88 8 8
88 9 20
88 11 7
88 12 20
88 13 4
88 14 8
88 16 7
88 19 15
88 20 3
88 21 1
88 22 12
88 23 14
88 24 17
88 25 14
88 26 11
88 28 3
88 29 8
88 30 15
88 35 11
88 36 13
88 38 2
88 39 13
88 41 4
88 42 17
88 43 10
88 44 13
88 45 11
88 46 15
88 47 11
88 48 13
88 49 8
88 50 1
88 51 14
88 52 7
88 53 8
88 54 8
88 56 17
88 57 11
88 59 1
88 60 2
88 61 12
88 62 15
88 64 1
88 65 12
88 66 6
88 67 4
88 68 2
88 69 4
88 71 10
88 72 6
88 73 16
88 74 13
88 75 16
88 76 5
88 78 8
88 79 18
88 80 18
88 82 4
88 83 12
88 84 14
88 85 1
88 86 1
88 87 20
88 91 4
88 92 20
88 93 6
88 96 1
88 97 7
88 98 14
88 99 7
89 0 11
89 1 9
89 2 5
89 3 2
89 5 9
89 8 13
89 9 14
89 12 13
89 14 12
89 15 2
89 16 10
89 17 10
89 18 16
89 21 11
89 23 11
89 24 6
89 25 16
89 26 12
89 27 6
89 28 2
89 29 14
89 30 17
89 31 5
89 35 17
89 36 18
89 39 13
89 40 19
89 41 10
89 44 10
89 45 9
89 46 8
89 47 5
89 48 7
89 50 20
89 51 17
89 52 18
89 53 17
89 54 13
89 55 19
89 56 5
89 57 4
89 58 19
89 59 1
89 60 6
89 61 4
89 62 16
89 63 17
89 64 17
89 65 1
89 66 17
89 68 17
89 69 13
89 70 4
89 71 20
89 72 3
89 74 10
89 76 10
89 77 19
89 78 10
89 79 16
89 81 5
89 82 1
89 83 3
89 84 1
89 85 8
89 86 10
89 87 17
89 90 15
89 91 2
89 92 14
89 93 5
89 94 14
89 95 2
89 96 6
89 98 2
89 99 4
90 2 19
90 3 18
90 4 15
90 5 4
90 6 14
90 7 7
90 8 14
90 9 7
90 11 9
90 12 15
90 13 6
90 15 11
90 17 6
90 18 7
90 22 6
90 23 8
90 24 18
90 25 9
90 27 1
90 28 14
90 29 2
90 30 18
90 31 11
90 33 12
90 35 3
90 36 17
90 37 3
90 38 10
90 39 5
90 40 20
90 41 8
90 42 12
90 43 13
90 44 8
90 45 5
90 46 14
90 47 18
90 48 6
90 49 11
90 52 13
90 53 2
90 54 7
90 55 13
90 59 10
90 60 2
90 61 13
90 63 12
90 64 19
90 65 2
90 66 20
90 67 10
90 68 15
90 69 10
90 70 7
90 71 14
90 72 5
90 73 19
90 74 17
90 75 19
90 76 3
90 77 12
90 79 3
90 80 13
90 81 6
90 83 18
90 84 9
90 85 20
90 86 20
90 88 11
90 89 15
90 91 1
90 92 14
90 94 2
90 98 5
90 99 19
91 0 7
91 1 4
91 2 4
91 3 2
91 4 10
91 6 7
91 7 14
91 8 10
91 9 5
91 10 17
91 11 5
91 13 18
91 14 15
91 15 1
91 16 17
91 17 17
91 18 15
91 19 13
91 20 8
91 21 8
91 22 14
91 23 4
91 24 14
91 25 13
91 26 19
91 27 1
91 28 19
91 30 11
91 31 4
91 32 2
91 33 8
91 35 16
91 36 7
91 37 12
91 38 3
91 40 2
91 43 7
91 44 9
91 45 6
91 47 20
91 48 10
91 49 5
91 50 13
91 52 16
91 53 18
91 54 8
91 55 8
91 57 19
91 58 15
91 59 11
91 61 2
91 63 6
91 64 19
91 65 7
91 67 1
91 68 17
91 69 4
91 70 6
91 71 11
91 72 17
91 73 18
91 74 18
91 75 7
91 76 16
91 77 3
91 79 15
91 80 10
91 81 4
91 82 5
91 83 14
91 85 10
91 86 18
91 87 1
91 88 20
91 89 6
91 90 15
91 94 3
91 95 11
91 97 2
91 98 9
91 99 9
92 0 10
92 1 19
92 2 2
92 3 12
92 4 11
92 5 15
92 6 12
92 8 3
92 9 13
92 12 1
92 13 2
92 14 10
92 15 18
92 17 2
92 18 12
92 19 13
92 20 1
92 21 17
92 23 10
92 24 20
92 25 9
92 26 8
92 28 13
92 30 6
92 31 14
92 33 11
92 34 16
92 37 5
92 38 6
92 39 19
92 40 17
92 41 10
92 44 9
92 45 8
92 47 16
92 48 6
92 49 16
92 51 2
92 53 5
92 54 9
92 55 1
92 56 10
92 58 15
92 59 14
92 60 16
92 61 1
92 62 16
92 64 19
92 65 7
92 66 3
92 68 1
92 71 11
92 72 2
92 73 4
92 74 8
92 75 6
92 76 3
92 78 8
92 79 7
92 80 10
92 81 11
92 82 15
92 83 8
92 85 14
92 86 15
92 88 15
92 89 9
92 90 6
92 93 11
92 95 7
92 98 5
92 99 11
93 0 3
93 3 3
93 5 9
93 6 6
93 7 12
93 8 3
93 9 4
93 10 2
93 11 20
93 12 14
93 13 3
93 14 8
93 15 13
93 16 18
93 18 9
93 19 8
93 21 14
93 22 17
93 23 5
93 26 5
93 27 16
93 28 15
93 29 18
93 30 5
93 31 17
93 32 14
93 33 4
93 36 3
93 38 14
93 39 8
93 40 6
93 41 9
93 43 9
93 45 16
93 46 7
93 47 18
93 48 10
93 49 13
93 50 3
93 51 15
93 52 1
93 56 7
93 57 18
93 60 19
93 61 17
93 62 11
93 64 16
93 65 8
93 67 2
93 69 17
93 70 20
93 71 7
93 72 4
93 73 9
93 74 3
93 75 8
93 76 7
93 77 4
93 78 17
93 80 19
93 81 4
93 82 9
93 83 5
93 85 11
93 86 16
93 87 20
93 88 10
93 89 6
93 90 8
93 91 9
93 92 5
93 94 19
93 95 8
93 96 10
93 97 15
93 98 15
93 99 15
94 0 3
94 1 8
94 2 10
94 3 11
94 4 6
94 5 2
94 7 13
94 9 6
94 10 18
94 12 3
94 14 20
94 15 20
94 16 20
94 17 3
94 18 15
94 19 16
94 22 6
94 23 6
94 25 11
94 26 11
94 28 14
94 29 3
94 30 11
94 31 7
94 33 10
94 34 13
94 35 19
94 36 6
94 37 3
94 38 5
94 41 18
94 42 10
94 43 4
94 44 14
94 45 19
94 47 2
94 48 13
94 50 2
94 51 17
94 52 3
94 53 1
94 54 1
94 56 8
94 57 13
94 58 5
94 59 4
94 60 6
94 61 6
94 62 15
94 64 14
94 65 5
94 67 17
94 68 4
94 69 14
94 70 11
94 71 20
94 72 19
94 73 17
94 74 11
94 76 5
94 77 18
94 79 7
94 80 6
94 82 10
94 83 6
94 85 15
94 86 13
94 87 19
94 88 10
94 89 2
94 90 7
94 95 1
94 96 6
94 97 15
94 98 8
95 4 13
95 6 12
95 8 8
95 9 20
95 10 7
95 13 4
95 15 3
95 16 8
95 17 6
95 18 12
95 19 20
95 20 3
95 21 13
95 22 18
95 23 3
95 25 1
95 26 19
95 28 18
95 29 1
95 30 20
95 31 5
95 32 15
95 33 6
95 34 17
95 35 1
95 36 4
95 37 4
95 38 1
95 40 17
95 42 13
95 45 8
95 46 4
95 48 2
95 49 3
95 50 18
95 57 2
95 58 2
95 59 16
95 60 17
95 62 5
95 65 4
95 66 12
95 67 4
95 68 7
95 69 2
95 70 14
95 71 4
95 72 16
95 73 17
95 74 17
95 75 19
95 77 15
95 78 16
95 79 2
95 80 7
95 82 18
95 83 16
95 84 7
95 85 16
95 87 10
95 89 16
95 90 14
95 91 16
95 92 7
95 94 12
95 96 15
95 97 13
95 98 3
96 0 13
96 1 1
96 2 17
96 3 18
96 4 14
96 5 18
96 6 12
96 7 17
96 8 5
96 10 18
96 11 12
96 13 5
96 15 13
96 16 12
96 20 12
96 21 19
96 22 6
96 23 17
96 24 1
96 26 20
96 27 8
96 28 8
96 29 18
96 30 15
96 31 7
96 34 2
96 35 9
96 36 12
96 37 12
96 38 10
96 39 1
96 42 11
96 43 19
96 44 9
96 45 11
96 48 13
96 49 6
96 50 4
96 52 7
96 53 19
96 54 13
96 55 6
96 56 16
96 57 5
96 58 13
96 59 6
96 60 5
96 61 12
96 62 13
96 64 5
96 65 13
96 66 16
96 67 3
96 68 19
96 69 20
96 71 7
96 73 7
96 74 11
96 76 17
96 77 8
96 78 7
96 79 20
96 80 16
96 82 10
96 83 20
96 84 5
96 86 6
96 87 8
96 88 1
96 89 2
96 90 18
96 91 13
96 92 11
96 94 18
96 95 16
96 97 14
96 99 20
97 0 6
97 1 3
97 2 20
97 4 13
97 5 2
97 6 16
97 8 11
97 9 11
97 10 9
97 11 18
97 12 15
97 14 5
97 15 8
97 16 7
97 18 8
97 20 3
97 21 1
97 23 5
97 24 19
97 25 20
97 28 15
97 31 1
97 32 7
97 34 7
97 35 17
97 36 4
97 38 3
97 39 16
97 41 5
97 42 12
97 43 10
97 44 11
97 46 2
97 48 15
97 49 12
97 50 13
97 51 3
97 52 4
97 53 4
97 54 5
97 55 14
97 57 8
97 58 5
97 59 7
97 62 6
97 63 20
97 64 8
97 68 14
97 69 10
97 70 6
97 71 7
97 72 9
97 73 20
97 74 16
97 75 3
97 76 11
97 78 3
97 80 18
97 81 18
97 82 11
97 84 10
97 85 2
97 86 18
97 87 15
97 88 15
97 89 5
97 91 11
97 94 5
97 95 13
97 96 8
97 98 5
97 99 13
98 0 9
98 3 5
98 6 8
98 7 15
98 8 13
98 9 18
98 10 1
98 11 20
98 13 12
98 14 14
98 15 6
98 16 18
98 17 2
98 18 13
98 20 5
98 21 20
98 22 11
98 23 9
98 24 5
98 26 20
98 28 7
98 32 13
98 33 1
98 34 16
98 35 11
98 36 9
98 37 1
98 38 5
98 39 15
98 40 8
98 41 7
98 42 17
98 43 16
98 44 2
98 46 6
98 47 13
98 48 16
98 50 19
98 51 17
98 52 2
98 53 18
98 54 1
98 55 3
98 56 17
98 57 8
98 59 5
98 60 19
98 63 9
98 64 13
98 66 20
98 67 9
98 68 13
98 69 14
98 70 19
98 71 3
98 72 13
98 74 11
98 75 19
98 77 2
98 78 20
98 79 15
98 80 9
98 81 18
98 83 5
98 84 15
98 85 7
98 87 10
98 88 19
98 90 11
98 92 9
98 93 16
98 94 11
98 97 4
99 0 3
99 1 17
99 2 18
99 3 7
99 4 11
99 7 16
99 9 16
99 10 11
99 12 11
99 13 7
99 16 12
99 17 4
99 18 15
99 19 10
99 20 3
99 21 15
99 23 11
99 24 4
99 27 18
99 28 8
99 29 10
99 30 15
99 32 10
99 34 8
99 35 19
99 36 18
99 37 5
99 39 20
99 40 9
99 41 15
99 42 1
99 44 11
99 45 4
99 47 1
99 49 1
99 52 17
99 53 1
99 54 6
99 55 16
99 57 12
99 58 17
99 60 5
99 63 19
99 64 17
99 65 8
99 67 4
99 68 9
99 69 4
99 70 12
99 71 17
99 72 17
99 73 4
99 74 18
99 75 17
99 76 12
99 77 13
99 78 2
99 79 4
99 81 20
99 82 13
99 83 17
99 86 4
99 87 3
99 88 2
99 89 1
99 91 9
99 92 17
99 93 14
99 94 8
99 96 16
99 97 8
99 98 6
0 99
