100
0 1 6
0 2 1
0 4 10
0 6 12
0 7 7
0 8 7
0 9 17
0 11 16
0 12 18
0 13 19
0 14 14
0 16 15
0 17 12
0 18 20
0 19 11
0 20 3
0 21 18
0 22 1
0 25 15
0 26 4
0 28 6
0 29 19
0 31 19
0 33 4
0 35 11
0 36 17
0 37 6
0 38 15
0 44 10
0 47 8
0 48 8
0 51 12
0 52 18
0 57 12
0 60 3
0 62 10
0 63 1
0 64 7
0 66 17
0 67 20
0 69 18
0 71 13
0 72 7
0 76 13
0 77 16
0 78 8
0 79 15
0 81 5
0 82 17
0 83 20
0 84 6
0 85 18
0 88 18
0 89 10
0 90 14
0 91 4
0 92 17
0 95 18
0 97 20
0 98 16
0 99 19
1 0 2
1 3 1
1 4 20
1 5 7
1 9 13
1 11 2
1 15 14
1 18 11
1 19 4
1 20 10
1 23 3
1 26 17
1 29 13
1 31 11
1 33 16
1 34 19
1 36 15
1 38 5
1 41 11
1 43 1
1 53 11
1 55 12
1 57 6
1 62 16
1 63 14
1 65 20
1 70 13
1 73 11
1 78 15
1 79 9
1 82 5
1 83 13
1 85 4
1 87 20
1 88 13
1 95 6
1 96 11
1 97 18
1 99 2
2 0 17
2 1 14
2 3 13
2 5 9
2 6 18
2 8 3
2 9 11
2 10 5
2 11 13
2 13 14
2 15 2
2 16 2
2 20 8
2 21 2
2 23 17
2 25 14
2 26 16
2 35 5
2 36 9
2 37 19
2 39 19
2 40 16
2 41 2
2 43 2
2 47 16
2 48 2
2 49 16
2 52 10
2 54 9
2 56 17
2 57 19
2 58 16
2 59 9
2 61 4
2 62 20
2 65 18
2 67 3
2 68 16
2 69 12
2 70 6
2 72 18
2 73 18
2 74 20
2 75 3
2 76 8
2 78 19
2 79 19
2 81 17
2 84 7
2 87 15
2 92 14
2 94 11
2 95 8
2 96 8
3 0 2
3 1 18
3 2 11
3 6 15
3 7 17
3 8 6
3 12 18
3 15 9
3 16 9
3 17 15
3 18 13
3 20 1
3 22 19
3 23 5
3 26 9
3 27 2
3 28 4
3 29 6
3 31 13
3 32 20
3 33 6
3 35 19
3 39 7
3 40 11
3 42 18
3 44 12
3 47 19
3 50 14
3 58 14
3 59 20
3 60 1
3 63 10
3 66 5
3 68 12
3 69 3
3 71 16
3 72 11
3 73 15
3 74 16
3 76 20
3 77 20
3 79 2
3 84 3
3 88 2
3 91 7
3 92 5
3 95 20
3 96 8
4 0 17
4 5 17
4 7 14
4 11 17
4 12 16
4 13 10
4 14 20
4 15 9
4 16 8
4 18 17
4 21 13
4 22 19
4 25 20
4 29 1
4 37 9
4 38 15
4 41 18
4 44 3
4 45 12
4 48 15
4 49 1
4 50 1
4 51 13
4 52 1
4 54 3
4 55 4
4 57 13
4 58 3
4 59 5
4 61 16
4 62 14
4 63 5
4 64 11
4 70 5
4 71 8
4 73 5
4 74 7
4 76 6
4 77 3
4 78 11
4 80 13
4 81 2
4 82 20
4 83 18
4 84 16
4 86 11
4 94 5
4 95 14
4 98 2
4 99 16
5 0 18
5 1 9
5 3 2
5 6 9
5 10 1
5 12 16
5 13 2
5 14 13
5 15 16
5 18 17
5 20 1
5 21 2
5 22 5
5 25 17
5 27 16
5 28 16
5 32 7
5 33 14
5 34 17
5 36 16
5 38 16
5 39 17
5 40 2
5 42 4
5 43 4
5 44 9
5 48 13
5 50 10
5 55 4
5 56 4
5 57 2
5 59 14
5 60 15
5 65 17
5 69 6
5 70 19
5 71 16
5 74 16
5 80 16
5 82 1
5 83 18
5 84 3
5 86 6
5 88 19
5 92 11
5 93 7
5 94 14
5 99 4
6 1 10
6 2 1
6 4 19
6 5 14
6 8 14
6 9 17
6 11 20
6 13 5
6 14 13
6 19 17
6 20 13
6 21 3
6 24 18
6 25 7
6 29 20
6 30 15
6 34 11
6 35 14
6 36 8
6 37 19
6 39 14
6 42 18
6 43 15
6 44 4
6 47 17
6 50 11
6 51 5
6 52 1
6 53 5
6 58 9
6 59 9
6 62 8
6 64 11
6 70 8
6 73 4
6 74 3
6 75 8
6 77 17
6 80 6
6 81 10
6 83 6
6 84 19
6 88 19
6 90 1
6 92 19
6 94 3
6 96 10
6 97 8
7 0 4
7 1 8
7 2 14
7 4 16
7 6 20
7 8 8
7 9 17
7 11 1
7 13 11
7 14 8
7 15 17
7 21 13
7 22 7
7 23 17
7 25 12
7 27 4
7 30 17
7 32 8
7 34 16
7 36 20
7 37 11
7 41 4
7 42 1
7 43 1
7 47 16
7 49 19
7 51 13
7 53 8
7 57 5
7 58 16
7 59 1
7 60 15
7 61 10
7 62 5
7 64 8
7 68 11
7 69 15
7 70 4
7 74 1
7 75 15
7 77 19
7 78 8
7 79 11
7 80 16
7 83 1
7 85 13
7 88 15
7 89 13
7 91 19
7 95 5
7 96 7
7 98 12
7 99 11
8 0 9
8 2 5
8 3 9
8 7 3
8 10 8
8 12 9
8 15 17
8 16 11
8 20 20
8 21 16
8 22 16
8 23 16
8 24 4
8 25 16
8 27 20
8 28 13
8 29 1
8 33 18
8 34 7
8 35 8
8 40 10
8 41 18
8 51 10
8 52 2
8 56 18
8 58 15
8 60 5
8 62 1
8 63 1
8 66 10
8 69 15
8 71 13
8 72 18
8 73 4
8 77 10
8 78 10
8 79 11
8 82 8
8 83 10
8 92 8
8 93 4
8 96 10
8 98 2
8 99 15
9 0 16
9 2 5
9 3 8
9 4 11
9 6 5
9 7 10
9 10 17
9 15 12
9 17 13
9 18 19
9 19 4
9 20 2
9 21 12
9 22 7
9 27 1
9 29 9
9 33 15
9 35 14
9 36 1
9 37 15
9 38 7
9 39 13
9 40 11
9 42 12
9 45 17
9 52 12
9 54 9
9 55 20
9 57 2
9 58 16
9 59 17
9 62 13
9 64 17
9 66 20
9 67 10
9 71 5
9 73 16
9 78 3
9 79 9
9 80 17
9 81 10
9 82 2
9 83 4
9 86 17
9 90 9
9 92 8
9 93 8
9 94 4
9 96 4
9 97 16
9 99 18
10 0 3
10 1 2
10 2 13
10 4 14
10 7 10
10 9 6
10 11 2
10 15 8
10 17 8
10 18 3
10 20 1
10 21 4
10 23 5
10 24 2
10 25 3
10 26 15
10 27 15
10 29 18
10 30 2
10 39 18
10 42 1
10 46 4
10 47 9
10 48 2
10 49 18
10 51 5
10 52 3
10 56 12
10 57 6
10 59 7
10 62 12
10 63 10
10 64 18
10 65 4
10 67 2
10 71 13
10 75 13
10 76 12
10 77 11
10 80 4
10 85 17
10 86 15
10 87 17
10 88 20
10 90 20
10 94 8
10 95 2
10 96 4
10 97 6
10 99 10
11 0 16
11 4 16
11 6 1
11 7 16
11 10 14
11 13 12
11 15 17
11 16 4
11 17 19
11 22 18
11 24 15
11 25 9
11 26 16
11 28 19
11 29 19
11 30 10
11 31 6
11 34 3
11 36 11
11 37 4
11 41 11
11 43 15
11 44 14
11 46 3
11 47 3
11 49 9
11 50 13
11 51 16
11 52 8
11 54 3
11 59 11
11 60 5
11 61 9
11 62 4
11 63 17
11 64 16
11 67 6
11 68 14
11 71 16
11 72 4
11 73 20
11 74 6
11 75 10
11 76 16
11 77 16
11 78 13
11 79 13
11 80 18
11 81 14
11 82 20
11 83 14
11 84 5
11 85 10
11 87 18
11 88 5
11 89 1
11 90 6
11 91 12
11 94 12
11 96 11
11 97 2
11 99 11
12 0 2
12 1 7
12 2 4
12 3 20
12 6 20
12 11 1
12 13 14
12 15 16
12 20 17
12 23 8
12 24 12
12 26 11
12 30 4
12 31 5
12 32 9
12 34 15
12 37 15
12 38 12
12 39 12
12 42 5
12 45 2
12 48 7
12 49 2
12 51 17
12 52 15
12 54 7
12 55 14
12 56 7
12 59 14
12 60 14
12 62 15
12 64 2
12 68 3
12 70 2
12 71 7
12 74 11
12 75 2
12 79 8
12 80 5
12 81 8
12 82 7
12 85 8
12 88 13
12 89 16
12 90 9
12 91 15
12 94 16
12 95 13
12 97 9
13 0 16
13 1 1
13 3 13
13 4 16
13 5 7
13 6 3
13 7 11
13 8 5
13 18 20
13 21 11
13 22 20
13 23 17
13 27 2
13 28 8
13 30 6
13 31 16
13 37 3
13 38 12
13 40 12
13 41 20
13 42 11
13 44 17
13 45 19
13 46 14
13 47 18
13 49 2
13 51 2
13 52 15
13 54 20
13 55 11
13 56 14
13 58 9
13 59 8
13 61 2
13 62 17
13 64 16
13 67 15
13 68 19
13 69 4
13 73 16
13 74 3
13 75 12
13 76 9
13 77 13
13 78 16
13 79 7
13 81 17
13 83 3
13 84 7
13 87 16
13 88 18
13 89 3
13 90 14
13 93 15
13 97 9
14 0 13
14 1 8
14 3 17
14 4 20
14 6 12
14 10 3
14 11 16
14 12 8
14 16 18
14 22 15
14 23 1
14 27 6
14 29 10
14 34 11
14 35 16
14 36 14
14 38 16
14 43 18
14 44 17
14 45 3
14 46 12
14 50 19
14 51 14
14 52 9
14 53 3
14 54 9
14 60 2
14 63 14
14 64 13
14 65 19
14 66 16
14 68 9
14 70 4
14 73 14
14 75 11
14 78 4
14 79 4
14 87 18
14 88 6
14 89 7
14 92 19
14 94 11
14 96 15
14 98 5
15 1 19
15 3 8
15 4 20
15 5 10
15 6 19
15 9 7
15 14 15
15 16 15
15 17 16
15 18 17
15 20 4
15 21 12
15 22 8
15 25 9
15 26 4
15 27 8
15 31 14
15 32 15
15 34 18
15 36 14
15 37 9
15 38 15
15 39 13
15 40 19
15 42 2
15 43 8
15 45 12
15 48 9
15 50 20
15 54 11
15 55 17
15 57 19
15 60 3
15 62 11
15 65 10
15 66 12
15 67 3
15 68 2
15 69 4
15 70 3
15 72 17
15 73 9
15 75 11
15 76 19
15 80 7
15 81 17
15 82 14
15 83 9
15 84 6
15 85 14
15 86 9
15 87 3
15 88 5
15 92 18
15 96 4
15 97 15
15 98 14
16 0 6
16 2 15
16 5 7
16 6 1
16 7 11
16 8 4
16 9 1
16 10 9
16 11 2
16 12 11
16 13 1
16 14 11
16 15 2
16 19 2
16 20 9
16 21 20
16 22 15
16 23 8
16 24 11
16 25 16
16 28 16
16 29 3
16 31 19
16 32 13
16 33 5
16 34 7
16 37 16
16 38 17
16 41 5
16 42 5
16 43 2
16 46 3
16 47 14
16 50 5
16 51 10
16 54 19
16 55 20
16 57 9
16 58 14
16 59 13
16 61 7
16 64 17
16 65 6
16 66 8
16 68 8
16 69 10
16 70 15
16 71 14
16 78 3
16 79 10
16 80 6
16 81 15
16 82 7
16 83 14
16 85 11
16 86 16
16 88 6
16 89 14
16 90 5
16 94 12
16 95 12
16 96 4
16 98 11
17 0 9
17 5 10
17 9 2
17 12 12
17 14 10
17 15 4
17 16 11
17 19 2
17 23 2
17 25 15
17 26 7
17 30 15
17 32 11
17 34 9
17 36 18
17 37 1
17 40 9
17 41 20
17 42 16
17 47 20
17 52 15
17 53 11
17 54 11
17 55 9
17 59 12
17 62 2
17 63 16
17 65 1
17 66 19
17 69 20
17 70 10
17 74 10
17 80 20
17 81 4
17 82 20
17 83 7
17 84 6
17 85 20
17 87 8
17 88 20
17 90 19
17 91 7
17 94 1
17 95 7
17 96 7
17 98 8
18 0 2
18 3 18
18 4 15
18 5 7
18 6 11
18 7 4
18 8 18
18 10 9
18 11 1
18 14 19
18 15 1
18 16 14
18 20 4
18 21 2
18 22 10
18 24 15
18 25 6
18 26 8
18 27 15
18 29 19
18 32 18
18 34 3
18 35 16
18 36 11
18 37 15
18 43 7
18 50 15
18 51 4
18 53 6
18 54 19
18 55 1
18 57 6
18 61 3
18 64 17
18 66 2
18 67 9
18 69 9
18 70 17
18 71 14
18 72 4
18 77 2
18 78 4
18 80 12
18 82 6
18 84 11
18 85 3
18 88 20
18 90 1
18 91 13
18 92 20
18 93 18
18 94 18
18 95 19
18 96 19
18 97 11
18 98 16
19 1 11
19 5 11
19 8 19
19 9 20
19 10 6
19 11 10
19 16 16
19 18 5
19 20 16
19 21 18
19 22 16
19 24 2
19 25 18
19 26 18
19 28 3
19 31 19
19 33 15
19 34 16
19 37 5
19 39 7
19 40 13
19 43 14
19 44 7
19 45 12
19 47 2
19 48 6
19 50 13
19 51 3
19 53 1
19 54 15
19 55 4
19 57 19
19 59 14
19 62 1
19 65 4
19 68 13
19 71 20
19 72 3
19 76 14
19 79 16
19 80 3
19 83 6
19 87 18
19 88 14
19 89 11
19 90 13
19 91 9
19 92 19
19 93 4
19 95 3
19 97 14
20 0 2
20 1 3
20 2 13
20 5 7
20 7 14
20 8 19
20 10 20
20 12 2
20 13 12
20 14 5
20 15 18
20 18 6
20 21 11
20 23 3
20 28 3
20 31 17
20 32 8
20 37 20
20 38 10
20 40 13
20 41 20
20 43 15
20 44 12
20 47 4
20 48 12
20 50 14
20 51 7
20 52 11
20 53 12
20 55 15
20 60 12
20 61 5
20 63 7
20 67 15
20 68 13
20 71 11
20 76 12
20 77 4
20 79 13
20 80 18
20 81 14
20 82 7
20 86 20
20 88 18
20 91 12
20 93 20
20 94 2
20 96 15
20 97 8
20 98 10
21 0 1
21 2 9
21 3 20
21 4 10
21 6 17
21 9 8
21 11 16
21 12 20
21 16 19
21 19 13
21 20 14
21 23 4
21 24 15
21 26 19
21 27 9
21 31 20
21 33 14
21 34 7
21 35 6
21 37 7
21 39 15
21 40 14
21 43 6
21 46 5
21 47 13
21 52 10
21 62 18
21 63 10
21 64 5
21 65 20
21 72 16
21 73 6
21 74 9
21 78 12
21 79 14
21 80 18
21 83 8
21 84 6
21 86 4
21 87 18
21 88 9
21 93 16
21 94 17
21 96 11
21 97 17
21 98 2
22 0 8
22 2 16
22 4 14
22 5 14
22 8 15
22 10 13
22 15 10
22 16 10
22 18 11
22 21 14
22 25 9
22 28 12
22 29 16
22 30 1
22 31 2
22 32 7
22 33 12
22 37 6
22 39 6
22 42 1
22 44 16
22 46 3
22 47 12
22 49 5
22 51 14
22 55 3
22 60 8
22 61 19
22 62 14
22 63 20
22 65 15
22 66 16
22 67 10
22 71 15
22 75 3
22 77 1
22 78 3
22 79 9
22 80 8
22 81 15
22 84 6
22 85 20
22 87 13
22 94 19
22 95 3
22 97 19
22 98 19
23 1 9
23 2 11
23 3 15
23 5 9
23 8 4
23 9 9
23 11 8
23 15 4
23 16 7
23 19 19
23 24 10
23 28 13
23 32 20
23 33 3
23 34 6
23 37 9
23 39 1
23 41 11
23 42 13
23 45 12
23 47 15
23 55 4
23 56 5
23 59 2
23 62 9
23 63 5
23 65 6
23 66 14
23 67 19
23 70 7
23 71 2
23 72 18
23 73 12
23 74 7
23 80 9
23 84 10
23 85 6
23 86 3
23 88 2
23 99 20
24 0 1
24 4 8
24 8 19
24 9 7
24 11 18
24 12 17
24 15 17
24 20 5
24 21 9
24 22 4
24 23 9
24 26 16
24 29 9
24 32 1
24 34 16
24 39 13
24 40 15
24 41 4
24 45 3
24 48 20
24 50 9
24 52 7
24 53 20
24 57 9
24 61 11
24 62 8
24 69 16
24 70 1
24 71 8
24 72 2
24 73 19
24 74 20
24 75 2
24 81 14
24 82 2
24 83 1
24 86 1
24 87 9
24 88 3
24 90 7
24 91 6
24 92 10
24 96 6
24 98 8
24 99 9
25 1 3
25 2 6
25 3 20
25 4 16
25 5 11
25 6 18
25 11 9
25 12 18
25 13 10
25 15 5
25 16 8
25 18 8
25 22 19
25 23 20
25 27 16
25 31 6
25 34 14
25 37 1
25 39 13
25 42 14
25 43 18
25 45 14
25 46 3
25 47 12
25 50 18
25 54 4
25 56 10
25 58 16
25 60 18
25 64 8
25 65 2
25 66 15
25 68 17
25 69 20
25 70 15
25 71 8
25 72 13
25 74 2
25 75 6
25 78 2
25 79 16
25 80 12
25 81 7
25 82 13
25 83 12
25 84 6
25 87 8
25 89 13
25 90 10
25 92 5
25 96 3
25 97 19
25 98 6
25 99 4
26 1 17
26 2 10
26 4 5
26 5 3
26 6 20
26 8 14
26 9 15
26 10 14
26 11 18
26 13 20
26 15 9
26 16 17
26 17 2
26 18 8
26 20 8
26 22 8
26 24 10
26 25 5
26 28 16
26 29 12
26 32 15
26 33 17
26 40 18
26 42 2
26 44 17
26 46 6
26 47 1
26 48 14
26 49 13
26 51 11
26 52 20
26 55 10
26 56 2
26 57 20
26 58 18
26 60 11
26 61 17
26 63 4
26 65 9
26 68 13
26 69 14
26 77 5
26 78 2
26 80 12
26 81 19
26 83 13
26 84 20
26 85 2
26 91 13
26 93 20
26 95 6
26 96 1
26 97 5
26 99 15
27 1 5
27 2 7
27 3 14
27 11 15
27 15 14
27 16 8
27 17 19
27 20 20
27 23 15
27 25 3
27 26 15
27 30 14
27 31 8
27 34 11
27 36 7
27 38 2
27 39 17
27 41 3
27 42 17
27 43 7
27 44 2
27 49 16
27 50 12
27 56 12
27 58 13
27 59 4
27 61 20
27 63 14
27 64 16
27 66 5
27 67 12
27 71 18
27 74 19
27 77 11
27 78 17
27 81 20
27 82 4
27 84 4
27 88 11
27 89 14
27 90 13
27 91 9
27 92 16
27 93 18
27 94 9
27 95 15
27 98 9
28 1 17
28 5 19
28 6 15
28 8 19
28 10 3
28 11 20
28 12 1
28 14 5
28 15 1
28 16 10
28 17 9
28 18 16
28 19 17
28 20 6
28 21 19
28 22 11
28 23 6
28 25 14
28 27 10
28 30 2
28 31 4
28 32 3
28 33 8
28 35 3
28 36 15
28 37 6
28 39 8
28 41 4
28 42 18
28 43 15
28 44 16
28 47 1
28 48 18
28 49 9
28 51 9
28 53 11
28 55 4
28 56 9
28 57 19
28 58 11
28 60 9
28 61 6
28 65 10
28 66 7
28 67 14
28 69 9
28 70 7
28 73 8
28 74 4
28 75 13
28 77 4
28 78 19
28 79 11
28 81 16
28 84 16
28 85 17
28 86 7
28 87 19
28 88 13
28 90 1
28 98 15
29 0 12
29 1 7
29 2 15
29 4 1
29 8 3
29 10 7
29 14 15
29 15 10
29 17 12
29 19 14
29 23 19
29 26 14
29 28 12
29 31 5
29 34 7
29 35 5
29 36 12
29 37 3
29 38 20
29 42 14
29 43 18
29 44 18
29 47 17
29 48 17
29 51 20
29 52 9
29 53 19
29 55 9
29 56 6
29 57 5
29 58 15
29 59 5
29 63 11
29 66 12
29 69 7
29 70 12
29 71 8
29 79 14
29 81 16
29 82 17
29 83 20
29 87 12
29 88 6
29 89 9
29 93 17
29 95 14
29 96 5
29 97 10
29 99 14
30 0 4
30 4 6
30 5 18
30 7 9
30 8 9
30 11 7
30 12 5
30 14 11
30 21 2
30 23 9
30 24 5
30 25 16
30 28 4
30 29 3
30 33 11
30 34 20
30 35 17
30 36 5
30 42 17
30 45 3
30 46 15
30 48 2
30 51 5
30 52 11
30 55 17
30 57 16
30 58 9
30 60 18
30 61 2
30 62 16
30 63 5
30 67 15
30 68 14
30 69 8
30 70 15
30 72 6
30 73 8
30 74 19
30 75 6
30 76 8
30 77 10
30 78 11
30 79 20
30 80 17
30 83 2
30 84 11
30 86 7
30 90 8
30 91 8
30 92 9
30 93 13
30 96 3
30 98 2
31 2 14
31 7 1
31 8 12
31 10 9
31 11 5
31 12 17
31 14 20
31 15 2
31 19 18
31 20 8
31 21 6
31 22 10
31 23 6
31 28 3
31 29 16
31 30 7
31 34 6
31 36 7
31 38 5
31 39 14
31 41 9
31 45 8
31 46 17
31 47 18
31 48 9
31 50 15
31 51 19
31 53 17
31 54 14
31 55 11
31 60 1
31 65 18
31 70 18
31 73 11
31 74 4
31 75 1
31 76 1
31 77 9
31 79 18
31 81 7
31 82 10
31 87 8
31 91 17
31 94 9
31 96 13
31 97 2
32 0 7
32 1 1
32 2 15
32 7 5
32 10 17
32 11 3
32 12 4
32 16 7
32 17 3
32 19 16
32 21 6
32 23 14
32 24 17
32 26 4
32 28 15
32 30 2
32 34 6
32 35 13
32 36 6
32 37 20
32 41 8
32 42 19
32 43 5
32 45 1
32 52 7
32 53 13
32 54 9
32 55 14
32 60 18
32 64 6
32 66 10
32 69 8
32 70 3
32 74 19
32 76 19
32 77 15
32 79 11
32 81 9
32 84 7
32 85 17
32 87 6
32 88 3
32 89 9
32 92 12
32 93 6
32 94 1
32 95 10
32 98 5
32 99 11
33 0 1
33 2 18
33 3 12
33 5 1
33 6 13
33 9 16
33 10 13
33 12 3
33 18 3
33 20 10
33 25 20
33 30 5
33 37 4
33 42 15
33 43 13
33 44 15
33 45 16
33 48 19
33 49 9
33 54 4
33 55 11
33 56 5
33 59 18
33 61 5
33 64 9
33 65 10
33 67 20
33 68 12
33 69 13
33 70 6
33 71 17
33 72 4
33 74 17
33 79 9
33 80 1
33 81 7
33 89 7
33 92 10
33 93 12
33 96 14
33 97 4
33 99 11
34 0 20
34 2 7
34 4 7
34 6 12
34 8 13
34 10 14
34 12 12
34 13 19
34 14 13
34 16 14
34 18 7
34 19 18
34 20 8
34 23 11
34 26 18
34 27 16
34 28 7
34 29 6
34 33 1
34 36 18
34 37 18
34 39 3
34 41 17
34 42 7
34 45 2
34 46 11
34 47 9
34 54 15
34 57 19
34 59 20
34 60 15
34 62 9
34 67 7
34 69 5
34 70 12
34 71 12
34 72 3
34 73 1
34 74 3
34 78 16
34 82 11
34 83 11
34 85 19
34 87 15
34 88 1
34 92 11
34 93 10
35 1 10
35 2 19
35 3 20
35 8 13
35 10 20
35 12 12
35 15 20
35 19 5
35 20 12
35 23 13
35 24 2
35 25 17
35 26 19
35 27 18
35 34 16
35 36 11
35 37 11
35 40 2
35 41 5
35 42 17
35 44 10
35 45 2
35 46 14
35 53 17
35 54 3
35 56 5
35 57 1
35 59 11
35 60 12
35 61 12
35 63 11
35 65 13
35 66 16
35 69 17
35 70 14
35 73 3
35 74 14
35 76 11
35 77 10
35 78 7
35 79 1
35 84 1
35 85 1
35 86 11
35 87 16
35 89 17
35 92 13
35 93 8
35 94 15
35 96 14
35 99 5
36 1 15
36 2 8
36 3 11
36 4 16
36 6 16
36 8 11
36 12 7
36 15 15
36 16 18
36 17 10
36 20 16
36 23 18
36 26 2
36 29 6
36 30 9
36 31 11
36 32 3
36 33 3
36 34 9
36 37 7
36 39 4
36 48 19
36 49 8
36 50 8
36 51 17
36 52 9
36 53 11
36 56 6
36 58 20
36 59 1
36 61 7
36 62 15
36 64 18
36 69 14
36 70 20
36 71 8
36 73 16
36 74 10
36 78 3
36 80 13
36 81 3
36 84 7
36 85 13
36 87 11
36 88 6
36 93 16
36 95 16
36 98 5
36 99 6
37 0 10
37 2 8
37 7 1
37 9 5
37 11 16
37 17 8
37 22 2
37 24 20
37 25 16
37 30 7
37 31 8
37 32 3
37 33 1
37 34 8
37 36 3
37 38 2
37 40 6
37 42 7
37 43 8
37 44 7
37 46 11
37 47 6
37 49 5
37 50 16
37 52 7
37 54 10
37 57 3
37 60 14
37 63 11
37 65 10
37 69 1
37 70 6
37 73 20
37 74 19
37 78 13
37 79 13
37 82 12
37 83 7
37 84 9
37 85 9
37 86 1
37 87 1
37 88 11
37 90 13
37 93 12
37 95 14
37 97 10
37 98 4
37 99 17
38 1 6
38 4 17
38 7 17
38 8 19
38 9 17
38 14 10
38 15 17
38 17 9
38 20 2
38 23 5
38 25 8
38 27 4
38 28 6
38 29 10
38 31 10
38 33 17
38 34 19
38 37 16
38 39 3
38 42 19
38 46 9
38 47 3
38 48 9
38 54 3
38 56 6
38 59 13
38 60 3
38 64 17
38 66 8
38 68 4
38 70 14
38 72 12
38 73 19
38 74 2
38 78 7
38 79 3
38 81 8
38 84 18
38 86 15
38 87 8
38 88 15
38 89 10
38 91 19
38 94 18
38 96 11
38 97 11
38 98 15
38 99 10
39 0 17
39 1 7
39 3 19
39 5 15
39 7 3
39 8 5
39 10 8
39 13 13
39 15 5
39 16 3
39 17 3
39 18 19
39 19 7
39 20 6
39 22 12
39 24 17
39 25 19
39 26 2
39 28 5
39 31 6
39 33 7
39 35 18
39 37 1
39 38 19
39 40 3
39 45 19
39 46 20
39 47 9
39 48 9
39 50 20
39 52 8
39 53 16
39 56 16
39 57 13
39 60 9
39 61 16
39 62 2
39 63 10
39 65 14
39 66 8
39 67 14
39 68 13
39 69 6
39 70 9
39 72 7
39 74 2
39 75 1
39 77 18
39 79 14
39 82 9
39 86 7
39 87 13
39 89 18
39 90 16
39 91 4
39 92 17
39 95 20
39 96 17
39 97 4
40 0 15
40 2 18
40 10 10
40 11 18
40 14 3
40 16 4
40 18 20
40 19 8
40 20 11
40 21 1
40 23 20
40 26 18
40 27 9
40 30 13
40 31 1
40 32 6
40 34 15
40 36 9
40 38 5
40 42 6
40 44 14
40 45 19
40 46 9
40 48 20
40 49 17
40 51 4
40 53 7
40 54 16
40 55 6
40 56 2
40 57 12
40 60 7
40 61 10
40 63 14
40 64 11
40 66 13
40 67 19
40 68 3
40 70 8
40 71 3
40 72 9
40 74 13
40 76 4
40 77 9
40 79 20
40 80 6
40 82 10
40 83 13
40 84 16
40 86 8
40 93 1
40 94 12
40 97 3
40 98 16
41 0 7
41 1 18
41 6 3
41 9 15
41 11 5
41 12 18
41 13 10
41 16 15
41 17 4
41 18 20
41 19 19
41 20 2
41 21 19
41 22 20
41 23 12
41 26 12
41 30 18
41 31 1
41 34 16
41 36 14
41 38 11
41 42 10
41 43 14
41 46 10
41 52 10
41 53 17
41 56 6
41 57 14
41 58 20
41 59 17
41 61 2
41 64 4
41 65 8
41 66 19
41 68 9
41 70 15
41 72 13
41 73 18
41 76 5
41 77 10
41 79 13
41 82 1
41 83 11
41 84 3
41 88 17
41 92 11
41 94 17
41 95 12
41 97 11
41 99 4
42 4 3
42 6 3
42 10 3
42 13 14
42 14 15
42 15 11
42 17 14
42 19 10
42 20 13
42 21 14
42 24 14
42 25 7
42 26 2
42 28 11
42 29 12
42 30 17
42 35 11
42 36 18
42 37 1
42 41 15
42 48 6
42 50 2
42 51 2
42 53 3
42 54 8
42 55 17
42 56 12
42 57 11
42 58 9
42 59 2
42 60 5
42 62 10
42 64 3
42 68 15
42 71 13
42 73 14
42 74 16
42 75 4
42 76 20
42 77 16
42 78 1
42 80 19
42 82 14
42 86 5
42 90 11
42 92 1
42 94 17
42 95 3
42 97 13
42 99 6
43 0 16
43 1 11
43 2 9
43 5 13
43 6 15
43 8 18
43 9 15
43 11 11
43 12 20
43 13 7
43 15 1
43 19 14
43 20 19
43 21 15
43 22 6
43 23 7
43 26 4
43 27 5
43 29 8
43 31 9
43 33 7
43 36 19
43 37 7
43 39 11
43 41 2
43 42 9
43 46 19
43 48 1
43 49 8
43 50 11
43 51 12
43 52 14
43 53 14
43 54 20
43 55 9
43 56 19
43 58 1
43 59 19
43 60 14
43 62 18
43 64 13
43 69 2
43 72 9
43 73 19
43 76 18
43 78 12
43 79 13
43 80 17
43 83 5
43 84 10
43 86 5
43 88 16
43 89 11
43 92 19
43 93 18
43 94 19
43 96 18
44 0 2
44 3 13
44 4 11
44 10 7
44 12 7
44 17 9
44 18 19
44 19 9
44 21 9
44 22 12
44 23 11
44 25 15
44 26 2
44 27 15
44 29 10
44 30 17
44 33 2
44 34 14
44 39 14
44 43 12
44 45 13
44 48 9
44 50 20
44 52 19
44 54 15
44 56 7
44 57 4
44 59 19
44 60 10
44 63 9
44 64 18
44 68 17
44 69 3
44 74 16
44 75 1
44 77 6
44 78 14
44 79 3
44 80 9
44 84 11
44 85 7
44 87 1
44 88 8
44 91 14
44 93 3
44 96 10
44 97 10
44 98 14
44 99 7
45 2 10
45 3 6
45 5 7
45 8 6
45 10 15
45 11 9
45 15 20
45 16 2
45 18 18
45 19 16
45 21 12
45 24 2
45 25 10
45 26 19
45 27 2
45 28 10
45 29 8
45 30 16
45 32 15
45 36 16
45 38 18
45 39 17
45 40 19
45 44 6
45 47 4
45 48 14
45 50 1
45 51 14
45 53 7
45 55 7
45 61 10
45 62 16
45 66 6
45 67 20
45 68 13
45 69 5
45 71 4
45 73 15
45 74 11
45 75 4
45 77 13
45 78 10
45 80 4
45 84 4
45 86 19
45 87 3
45 88 3
45 89 19
45 90 9
45 91 13
45 92 7
45 93 5
45 97 17
45 99 2
46 3 19
46 4 10
46 7 16
46 8 13
46 10 20
46 11 16
46 13 14
46 14 13
46 17 2
46 20 8
46 25 3
46 27 17
46 30 20
46 31 8
46 33 13
46 35 4
46 40 6
46 41 6
46 42 13
46 44 10
46 45 10
46 48 6
46 50 9
46 52 18
46 57 15
46 59 10
46 60 9
46 62 10
46 64 17
46 66 11
46 68 8
46 70 18
46 75 9
46 76 14
46 78 18
46 83 7
46 84 17
46 87 16
46 88 6
46 92 17
46 94 2
46 95 18
46 96 16
46 98 16
47 4 12
47 5 6
47 8 19
47 12 18
47 16 3
47 20 12
47 23 11
47 25 17
47 26 4
47 27 20
47 30 20
47 33 20
47 34 13
47 39 9
47 40 1
47 41 3
47 42 18
47 48 2
47 49 14
47 50 10
47 51 5
47 54 9
47 55 17
47 56 14
47 58 1
47 59 13
47 60 6
47 61 13
47 62 16
47 66 15
47 67 16
47 68 5
47 69 15
47 71 3
47 72 13
47 77 3
47 79 6
47 84 3
47 86 12
47 90 16
47 91 7
47 93 5
47 94 6
47 97 19
47 99 1
48 1 15
48 3 7
48 5 4
48 6 10
48 7 9
48 8 20
48 11 11
48 12 18
48 13 1
48 17 6
48 20 12
48 21 14
48 22 9
48 23 17
48 26 3
48 27 1
48 29 11
48 31 14
48 32 17
48 33 20
48 34 2
48 38 6
48 39 7
48 40 9
48 42 2
48 43 1
48 44 4
48 45 8
48 53 4
48 54 17
48 55 4
48 56 19
48 58 20
48 59 17
48 62 6
48 64 2
48 66 6
48 68 17
48 70 20
48 71 10
48 72 4
48 73 18
48 74 4
48 75 11
48 78 14
48 81 13
48 82 9
48 83 2
48 86 6
48 87 11
48 89 9
48 91 2
48 95 4
48 97 9
48 99 17
49 1 2
49 2 13
49 3 14
49 4 17
49 6 17
49 12 16
49 15 12
49 19 2
49 21 11
49 23 18
49 25 18
49 29 2
49 30 9
49 31 13
49 33 12
49 34 20
49 38 8
49 39 10
49 41 1
49 42 6
49 43 20
49 46 17
49 47 7
49 48 3
49 50 17
49 52 1
49 53 12
49 55 5
49 57 14
49 59 12
49 61 20
49 62 14
49 65 7
49 71 2
49 72 6
49 75 11
49 76 19
49 78 12
49 79 18
49 80 19
49 84 15
49 85 8
49 87 15
49 89 7
49 92 7
49 95 10
49 96 17
50 3 9
50 5 18
50 7 15
50 8 7
50 9 3
50 10 20
50 12 12
50 14 15
50 18 11
50 21 11
50 22 8
50 24 13
50 26 4
50 27 17
50 28 3
50 31 5
50 32 12
50 33 3
50 35 1
50 36 6
50 37 11
50 39 12
50 40 14
50 48 11
50 49 6
50 56 12
50 57 6
50 59 2
50 61 3
50 62 10
50 63 12
50 65 9
50 66 8
50 67 10
50 68 17
50 71 17
50 73 14
50 76 14
50 81 14
50 83 3
50 84 10
50 85 18
50 87 16
50 88 6
50 91 16
50 92 18
50 94 12
50 96 16
50 98 11
50 99 17
51 0 12
51 1 18
51 2 3
51 3 20
51 5 19
51 6 10
51 7 6
51 8 12
51 9 11
51 10 12
51 11 4
51 13 7
51 17 7
51 19 17
51 21 8
51 24 17
51 27 17
51 29 17
51 30 1
51 32 5
51 36 12
51 41 11
51 42 4
51 43 12
51 45 15
51 47 1
51 54 12
51 55 2
51 56 9
51 62 7
51 69 5
51 71 4
51 72 7
51 73 9
51 74 4
51 75 15
51 76 17
51 77 6
51 79 5
51 80 2
51 84 13
51 86 5
51 88 2
51 90 3
51 91 19
51 95 5
51 97 15
52 0 8
52 1 1
52 2 6
52 3 5
52 4 6
52 5 7
52 7 6
52 8 15
52 11 9
52 15 1
52 16 18
52 18 4
52 19 8
52 25 5
52 26 19
52 27 10
52 28 19
52 33 1
52 34 20
52 37 8
52 38 11
52 40 19
52 42 7
52 43 5
52 45 18
52 46 7
52 47 3
52 48 6
52 49 12
52 51 10
52 55 7
52 56 2
52 59 5
52 60 7
52 62 18
52 63 18
52 67 5
52 68 8
52 69 17
52 70 13
52 73 6
52 77 5
52 78 2
52 79 13
52 80 3
52 83 16
52 91 1
52 93 2
52 94 18
52 95 13
52 96 10
52 97 11
52 99 1
53 1 2
53 4 4
53 5 10
53 6 6
53 9 2
53 11 6
53 19 4
53 22 8
53 25 8
53 28 2
53 29 8
53 34 8
53 36 17
53 39 10
53 40 1
53 42 17
53 46 11
53 48 14
53 49 8
53 55 13
53 56 3
53 59 19
53 61 17
53 65 20
53 66 16
53 69 6
53 70 8
53 74 13
53 76 14
53 80 14
53 85 15
53 87 19
53 88 12
53 89 18
53 90 2
53 92 3
53 94 6
53 98 16
53 99 13
54 0 12
54 2 10
54 3 12
54 6 4
54 8 19
54 9 11
54 11 1
54 12 15
54 13 14
54 15 10
54 18 3
54 20 6
54 24 2
54 25 1
54 26 15
54 27 4
54 30 13
54 33 17
54 39 16
54 40 8
54 41 5
54 43 4
54 44 19
54 46 14
54 47 11
54 48 6
54 49 3
54 51 7
54 52 19
54 53 12
54 56 12
54 59 9
54 62 13
54 63 13
54 64 8
54 65 6
54 67 17
54 69 4
54 71 8
54 76 8
54 77 2
54 80 19
54 81 6
54 84 10
54 85 13
54 87 2
54 88 10
54 92 8
54 93 9
54 95 12
55 0 20
55 1 20
55 3 11
55 6 16
55 9 5
55 12 2
55 13 15
55 14 7
55 15 20
55 17 15
55 20 15
55 23 5
55 28 4
55 29 15
55 30 8
55 31 8
55 33 14
55 34 4
55 40 5
55 43 6
55 46 15
55 49 12
55 50 9
55 52 19
55 53 6
55 56 2
55 58 2
55 59 7
55 60 9
55 64 20
55 67 7
55 69 2
55 71 18
55 72 11
55 73 11
55 74 19
55 76 19
55 77 1
55 78 18
55 79 12
55 83 2
55 85 6
55 89 1
55 94 1
55 96 8
55 98 20
56 1 5
56 2 13
56 4 12
56 5 1
56 6 9
56 8 15
56 10 8
56 13 10
56 14 10
56 15 4
56 16 8
56 17 17
56 19 16
56 20 11
56 21 14
56 23 20
56 24 11
56 26 20
56 32 8
56 34 5
56 35 14
56 36 16
56 37 2
56 38 19
56 39 9
56 40 13
56 41 15
56 42 5
56 45 5
56 46 14
56 47 1
56 48 14
56 50 15
56 60 7
56 63 8
56 65 3
56 66 19
56 67 6
56 69 2
56 70 14
56 71 13
56 73 3
56 76 4
56 78 10
56 80 6
56 81 6
56 82 14
56 83 13
56 85 4
56 86 18
56 90 13
56 91 5
56 92 7
56 96 3
56 97 18
56 99 13
57 2 1
57 4 20
57 5 15
57 8 8
57 9 16
57 10 4
57 15 19
57 17 14
57 19 20
57 21 2
57 22 7
57 25 12
57 27 2
57 29 2
57 30 8
57 33 1
57 35 13
57 38 12
57 39 20
57 41 1
57 45 8
57 46 16
57 47 9
57 48 19
57 49 15
57 51 18
57 53 9
57 59 18
57 60 3
57 63 12
57 66 8
57 68 1
57 69 4
57 70 2
57 75 20
57 76 5
57 77 6
57 78 3
57 79 10
57 80 10
57 81 17
57 83 10
57 85 18
57 86 10
57 90 5
57 91 16
57 93 1
57 94 14
57 96 4
57 97 8
57 98 19
58 1 12
58 2 7
58 8 4
58 9 13
58 10 8
58 11 12
58 13 4
58 17 3
58 23 13
58 24 3
58 25 3
58 29 5
58 33 20
58 35 9
58 39 1
58 41 16
58 44 6
58 45 3
58 46 19
58 48 13
58 49 11
58 50 7
58 52 9
58 56 1
58 57 13
58 60 4
58 61 6
58 62 17
58 66 1
58 67 3
58 70 5
58 72 13
58 73 7
58 76 10
58 77 17
58 80 2
58 81 9
58 82 9
58 85 13
58 86 3
58 87 18
58 88 16
58 89 14
58 91 17
58 93 15
58 95 10
58 96 20
58 97 5
58 99 18
59 0 15
59 1 5
59 3 4
59 8 17
59 9 6
59 13 10
59 14 5
59 16 16
59 17 14
59 20 19
59 25 13
59 26 3
59 27 20
59 28 5
59 29 6
59 32 1
59 33 14
59 35 18
59 43 10
59 45 10
59 46 5
59 47 2
59 51 10
59 54 2
59 55 13
59 57 5
59 58 10
59 60 17
59 63 6
59 64 14
59 68 15
59 72 6
59 73 15
59 74 8
59 75 8
59 79 14
59 80 9
59 81 5
59 82 2
59 84 12
59 85 2
59 86 8
59 87 20
59 93 15
59 94 5
59 96 15
59 97 13
60 1 13
60 3 16
60 5 4
60 6 3
60 7 19
60 8 6
60 9 12
60 10 14
60 11 1
60 14 8
60 17 16
60 19 2
60 20 9
60 22 1
60 23 6
60 28 12
60 32 5
60 33 11
60 35 13
60 36 11
60 38 8
60 40 2
60 41 4
60 45 9
60 47 20
60 50 10
60 51 1
60 52 3
60 54 17
60 55 12
60 56 20
60 59 1
60 62 13
60 65 13
60 70 9
60 72 4
60 76 12
60 77 11
60 78 5
60 79 11
60 81 4
60 84 18
60 85 7
60 90 10
60 92 7
60 95 11
60 96 20
60 97 20
60 98 16
61 0 4
61 3 16
61 4 6
61 5 3
61 10 19
61 11 19
61 12 2
61 14 3
61 16 2
61 20 4
61 21 7
61 22 2
61 25 7
61 26 9
61 27 12
61 28 8
61 29 16
61 32 10
61 33 4
61 35 2
61 36 19
61 37 19
61 39 8
61 41 2
61 43 8
61 44 14
61 48 17
61 49 14
61 52 20
61 53 13
61 55 12
61 57 15
61 58 3
61 60 2
61 63 15
61 64 4
61 66 7
61 69 12
61 72 10
61 74 17
61 76 3
61 77 12
61 80 11
61 81 2
61 82 11
61 84 14
61 85 13
61 86 2
61 96 14
61 97 1
62 0 1
62 1 10
62 2 8
62 3 11
62 5 10
62 6 17
62 13 20
62 14 19
62 15 2
62 16 3
62 20 16
62 22 11
62 23 14
62 25 6
62 27 18
62 30 8
62 31 19
62 33 16
62 34 11
62 37 15
62 39 11
62 41 10
62 43 16
62 45 8
62 48 10
62 55 19
62 56 6
62 58 8
62 59 18
62 61 4
62 63 13
62 64 12
62 65 6
62 66 4
62 69 9
62 70 7
62 72 16
62 74 4
62 79 19
62 82 20
62 83 11
62 84 20
62 88 1
62 90 8
62 91 8
62 92 12
62 93 9
62 94 11
62 97 11
62 98 4
62 99 4
63 0 7
63 1 12
63 4 15
63 5 2
63 10 11
63 11 2
63 12 20
63 13 11
63 16 16
63 17 3
63 18 15
63 20 17
63 21 15
63 23 6
63 24 6
63 25 14
63 28 3
63 29 20
63 32 15
63 33 2
63 34 3
63 35 3
63 36 4
63 38 5
63 39 20
63 40 8
63 41 16
63 43 9
63 47 3
63 48 11
63 49 7
63 51 9
63 52 16
63 59 17
63 61 8
63 64 12
63 66 2
63 67 1
63 68 9
63 69 17
63 71 5
63 73 12
63 76 2
63 77 13
63 80 20
63 81 17
63 84 11
63 89 10
63 90 19
63 91 12
63 95 14
63 96 14
63 97 14
63 98 10
64 0 4
64 2 10
64 4 3
64 7 12
64 8 19
64 9 11
64 12 8
64 17 2
64 20 18
64 22 13
64 23 2
64 25 2
64 30 6
64 31 11
64 33 13
64 34 5
64 36 3
64 37 19
64 38 14
64 41 8
64 42 16
64 43 15
64 45 1
64 48 6
64 49 8
64 58 8
64 59 11
64 60 5
64 62 8
64 66 19
64 74 10
64 78 16
64 79 20
64 81 17
64 84 15
64 85 15
64 88 14
64 89 7
64 90 5
64 92 17
64 93 5
64 94 17
64 95 4
64 97 7
64 98 12
64 99 5
65 2 13
65 3 5
65 4 8
65 5 19
65 8 2
65 10 3
65 13 4
65 16 20
65 18 8
65 24 12
65 25 20
65 33 16
65 34 13
65 36 2
65 39 14
65 41 17
65 43 9
65 45 3
65 50 10
65 55 1
65 56 11
65 58 6
65 59 3
65 64 4
65 71 5
65 72 19
65 73 8
65 75 12
65 76 13
65 79 16
65 80 9
65 81 20
65 82 8
65 83 15
65 85 16
65 86 20
65 88 15
65 89 2
65 90 9
65 91 12
65 94 17
65 95 3
65 99 4
66 2 9
66 4 4
66 5 5
66 6 9
66 7 17
66 8 6
66 9 10
66 12 19
66 13 10
66 14 3
66 15 13
66 16 3
66 17 4
66 18 18
66 20 11
66 22 20
66 25 10
66 26 16
66 27 2
66 29 10
66 30 6
66 33 14
66 34 18
66 36 16
66 37 9
66 39 10
66 40 15
66 42 11
66 43 8
66 46 14
66 47 19
66 48 7
66 49 3
66 51 15
66 54 8
66 55 12
66 56 8
66 59 17
66 60 16
66 62 10
66 63 10
66 64 17
66 67 16
66 69 2
66 71 10
66 72 19
66 74 1
66 75 4
66 77 8
66 80 17
66 81 17
66 82 19
66 83 17
66 85 15
66 86 10
66 88 18
66 89 5
66 90 7
66 91 16
66 92 1
66 93 9
66 95 9
66 96 11
67 0 8
67 1 18
67 3 3
67 4 18
67 8 10
67 13 3
67 17 7
67 18 2
67 19 10
67 21 15
67 22 16
67 23 3
67 24 4
67 26 8
67 27 9
67 31 1
67 34 11
67 37 16
67 38 2
67 39 19
67 42 17
67 43 1
67 44 9
67 47 5
67 48 15
67 49 9
67 52 16
67 53 2
67 59 19
67 60 20
67 61 16
67 62 19
67 63 20
67 64 9
67 65 14
67 68 5
67 70 4
67 72 11
67 73 8
67 74 15
67 75 9
67 76 15
67 78 15
67 82 4
67 84 18
67 88 4
67 89 11
67 90 15
67 92 19
67 93 13
68 2 16
68 3 17
68 4 16
68 6 2
68 9 1
68 11 9
68 12 18
68 14 5
68 15 12
68 17 13
68 20 3
68 22 18
68 23 17
68 25 17
68 26 12
68 27 13
68 29 17
68 30 11
68 33 19
68 35 16
68 36 8
68 37 19
68 38 20
68 39 9
68 40 4
68 42 9
68 43 15
68 44 10
68 46 5
68 54 10
68 56 7
68 58 20
68 59 20
68 60 14
68 61 6
68 70 15
68 71 4
68 72 2
68 74 6
68 75 18
68 77 15
68 78 15
68 79 5
68 80 15
68 83 11
68 84 6
68 86 3
68 89 5
68 92 14
68 93 20
68 94 1
68 95 9
68 98 3
69 0 6
69 2 19
69 4 11
69 5 6
69 9 7
69 10 17
69 11 4
69 13 17
69 14 18
69 24 13
69 29 9
69 32 17
69 33 14
69 35 2
69 36 15
69 39 8
69 40 7
69 42 12
69 43 1
69 49 13
69 50 16
69 53 18
69 55 15
69 57 5
69 58 12
69 59 8
69 60 1
69 62 2
69 63 14
69 65 12
69 68 19
69 70 10
69 72 13
69 74 6
69 75 10
69 76 2
69 77 15
69 78 14
69 79 4
69 80 5
69 81 19
69 83 16
69 84 1
69 85 6
69 87 18
69 88 7
69 90 2
69 95 1
69 96 17
69 97 10
69 98 20
70 0 5
70 1 2
70 2 20
70 3 15
70 4 6
70 7 3
70 9 18
70 10 5
70 13 6
70 14 18
70 15 5
70 18 11
70 19 19
70 20 14
70 21 6
70 23 4
70 24 7
70 25 13
70 27 6
70 31 18
70 32 1
70 33 6
70 34 6
70 38 7
70 39 11
70 43 14
70 44 19
70 45 18
70 46 8
70 52 2
70 53 13
70 57 6
70 59 19
70 60 8
70 61 13
70 64 6
70 69 10
70 72 16
70 73 7
70 74 5
70 76 15
70 78 20
70 79 16
70 80 15
70 82 14
70 84 1
70 86 1
70 87 4
70 88 15
70 89 11
70 90 18
70 92 1
70 94 3
70 95 20
70 97 7
71 2 6
71 3 3
71 5 8
71 8 3
71 11 12
71 13 11
71 14 19
71 17 7
71 18 9
71 19 1
71 24 5
71 28 13
71 29 13
71 32 5
71 35 7
71 36 9
71 39 8
71 40 16
71 41 11
71 43 4
71 44 3
71 47 12
71 49 9
71 51 8
71 53 18
71 60 7
71 61 14
71 63 9
71 64 2
71 65 11
71 67 7
71 68 17
71 70 6
71 72 18
71 74 9
71 75 10
71 76 17
71 77 11
71 78 12
71 79 16
71 80 5
71 83 7
71 86 7
71 87 8
71 88 4
71 89 3
71 90 15
71 91 6
71 96 6
71 97 2
71 98 15
72 1 19
72 2 16
72 6 4
72 7 18
72 8 7
72 9 10
72 10 1
72 11 18
72 16 9
72 18 10
72 20 17
72 23 3
72 26 14
72 27 7
72 29 13
72 31 20
72 32 1
72 33 1
72 35 17
72 36 7
72 37 1
72 39 11
72 40 20
72 41 3
72 46 5
72 48 9
72 55 6
72 56 2
72 57 10
72 58 5
72 60 5
72 61 8
72 63 20
72 65 10
72 71 6
72 75 4
72 78 2
72 79 19
72 81 4
72 83 5
72 86 9
72 87 5
72 90 19
72 92 16
72 93 6
72 94 16
72 97 15
72 98 9
72 99 20
73 0 11
73 1 13
73 3 15
73 5 1
73 6 16
73 9 13
73 10 20
73 12 8
73 14 15
73 15 2
73 16 5
73 19 10
73 22 17
73 23 13
73 27 2
73 29 3
73 33 18
73 37 15
73 38 8
73 43 18
73 44 2
73 45 4
73 46 6
73 47 5
73 49 5
73 50 14
73 52 15
73 53 6
73 55 3
73 57 11
73 58 8
73 60 11
73 65 5
73 69 17
73 71 16
73 72 17
73 75 14
73 78 6
73 80 6
73 81 4
73 83 10
73 84 11
73 85 11
73 86 6
73 92 10
73 94 12
73 95 14
73 96 8
73 98 8
73 99 1
74 1 9
74 4 18
74 7 12
74 8 3
74 18 8
74 19 19
74 21 10
74 24 9
74 25 16
74 27 3
74 29 4
74 30 8
74 31 12
74 32 11
74 34 3
74 35 7
74 37 1
74 38 8
74 40 15
74 43 4
74 44 6
74 45 15
74 48 9
74 49 9
74 55 6
74 58 11
74 59 8
74 62 7
74 63 3
74 64 14
74 65 2
74 67 16
74 69 1
74 70 18
74 72 18
74 77 19
74 79 7
74 80 9
74 84 11
74 85 6
74 86 4
74 90 10
74 93 1
74 96 13
74 97 4
74 98 14
74 99 6
75 2 14
75 3 9
75 4 17
75 10 20
75 11 10
75 13 10
75 19 19
75 22 16
75 27 4
75 29 6
75 31 8
75 34 13
75 35 12
75 36 9
75 37 3
75 38 4
75 39 2
75 40 14
75 41 14
75 46 9
75 47 11
75 48 11
75 49 20
75 50 4
75 53 19
75 54 13
75 55 6
75 60 4
75 61 20
75 63 20
75 68 18
75 69 13
75 70 10
75 71 10
75 74 5
75 76 15
75 77 9
75 79 9
75 80 3
75 81 4
75 86 6
75 87 11
75 88 14
75 89 19
75 92 2
75 99 4
76 0 15
76 1 4
76 4 18
76 7 7
76 8 7
76 9 5
76 10 20
76 11 17
76 15 19
76 16 4
76 19 14
76 21 7
76 23 3
76 24 19
76 27 12
76 28 10
76 33 7
76 34 2
76 41 17
76 42 8
76 45 16
76 46 15
76 48 10
76 50 5
76 52 20
76 54 17
76 57 6
76 58 2
76 60 7
76 61 16
76 63 2
76 64 14
76 65 10
76 66 20
76 69 20
76 70 8
76 71 18
76 72 8
76 73 16
76 74 11
76 75 11
76 77 9
76 82 7
76 85 20
76 86 10
76 91 10
76 92 6
76 96 8
76 98 6
77 2 17
77 3 15
77 4 2
77 5 8
77 7 11
77 9 16
77 13 18
77 19 14
77 20 15
77 21 12
77 22 16
77 25 17
77 26 11
77 28 4
77 30 18
77 31 5
77 32 12
77 33 17
77 35 20
77 36 9
77 37 17
77 40 8
77 42 1
77 43 20
77 45 12
77 46 5
77 47 6
77 49 12
77 51 9
77 53 12
77 55 15
77 62 10
77 63 7
77 65 13
77 66 14
77 67 5
77 68 19
77 70 12
77 71 16
77 74 8
77 75 15
77 79 17
77 81 1
77 83 10
77 84 4
77 87 7
77 91 8
77 92 5
77 94 13
77 95 1
77 96 14
77 98 5
77 99 5
78 0 15
78 1 17
78 5 18
78 8 20
78 9 17
78 15 3
78 17 5
78 21 19
78 25 14
78 26 6
78 27 20
78 33 1
78 35 2
78 36 11
78 37 2
78 42 7
78 43 19
78 46 14
78 47 1
78 48 2
78 50 1
78 52 20
78 54 13
78 55 15
78 57 14
78 59 12
78 65 9
78 67 15
78 70 10
78 71 2
78 75 14
78 76 15
78 77 14
78 82 6
78 84 20
78 86 7
78 87 16
78 88 17
78 89 20
78 90 14
78 92 7
78 93 11
78 94 12
78 95 2
78 96 14
78 98 7
78 99 11
79 2 1
79 5 6
79 6 3
79 7 9
79 8 8
79 9 1
79 11 17
79 13 1
79 15 8
79 16 4
79 18 1
79 19 8
79 21 17
79 23 5
79 24 12
79 26 20
79 27 13
79 29 17
79 30 1
79 32 8
79 33 18
79 34 16
79 36 16
79 40 12
79 41 10
79 42 2
79 43 20
79 44 18
79 46 13
79 48 4
79 50 16
79 52 8
79 55 14
79 57 2
79 59 3
79 60 3
79 61 16
79 62 8
79 65 4
79 66 12
79 67 14
79 68 20
79 69 19
79 74 11
79 76 6
79 78 4
79 82 14
79 84 17
79 87 3
79 91 12
79 93 18
79 94 15
79 95 12
79 97 15
79 98 12
79 99 17
80 0 18
80 2 11
80 4 18
80 5 6
80 10 2
80 12 13
80 14 19
80 15 16
80 17 1
80 19 4
80 22 19
80 25 12
80 26 5
80 31 3
80 33 3
80 34 6
80 35 14
80 37 9
80 39 18
80 41 18
80 42 12
80 44 9
80 45 3
80 46 11
80 47 8
80 48 11
80 49 11
80 53 17
80 58 19
80 59 4
80 60 18
80 61 19
80 64 5
80 65 2
80 66 14
80 71 3
80 75 3
80 76 7
80 78 15
80 83 16
80 85 1
80 86 6
80 87 11
80 88 4
80 90 5
80 95 9
80 96 11
80 97 18
81 0 14
81 2 3
81 3 18
81 4 2
81 5 14
81 6 7
81 7 8
81 11 6
81 15 13
81 17 20
81 19 15
81 20 7
81 21 4
81 24 3
81 25 11
81 27 17
81 28 6
81 30 20
81 33 3
81 36 17
81 37 11
81 38 14
81 44 10
81 45 5
81 48 2
81 49 18
81 50 3
81 52 17
81 56 6
81 58 10
81 59 3
81 60 12
81 63 19
81 66 2
81 69 20
81 70 15
81 72 3
81 75 1
81 76 3
81 77 2
81 80 1
81 82 18
81 83 19
81 86 19
81 88 7
81 89 3
81 91 4
81 92 17
81 93 5
81 97 1
81 99 17
82 0 9
82 2 11
82 4 12
82 5 12
82 7 17
82 8 20
82 9 4
82 16 3
82 19 13
82 21 14
82 24 11
82 27 4
82 28 14
82 30 6
82 31 18
82 34 13
82 36 20
82 39 7
82 41 20
82 46 11
82 47 14
82 52 18
82 53 10
82 55 17
82 57 8
82 58 14
82 60 14
82 65 11
82 68 14
82 69 6
82 70 15
82 71 18
82 72 2
82 73 4
82 76 3
82 77 10
82 78 15
82 88 18
82 89 14
82 90 4
82 91 1
82 92 6
82 95 1
82 97 20
82 98 11
82 99 10
83 4 3
83 7 1
83 10 10
83 12 10
83 14 5
83 15 12
83 16 20
83 18 6
83 19 4
83 25 7
83 26 17
83 29 19
83 31 5
83 33 1
83 34 1
83 35 14
83 39 2
83 40 8
83 42 12
83 43 11
83 47 7
83 48 5
83 49 11
83 51 7
83 54 6
83 57 13
83 58 16
83 61 19
83 62 10
83 66 20
83 67 4
83 74 16
83 75 6
83 76 3
83 77 12
83 79 14
83 80 8
83 82 11
83 84 2
83 89 15
83 90 20
83 91 7
83 94 4
83 95 17
83 97 15
83 98 2
84 0 3
84 2 19
84 7 16
84 8 9
84 10 10
84 12 20
84 13 13
84 15 7
84 16 12
84 20 6
84 21 8
84 22 11
84 23 12
84 27 9
84 29 8
84 30 10
84 33 16
84 34 16
84 36 17
84 37 16
84 39 3
84 41 16
84 43 6
84 44 15
84 45 15
84 46 2
84 47 6
84 48 15
84 49 19
84 50 4
84 51 5
84 52 18
84 53 5
84 54 7
84 56 15
84 57 10
84 58 1
84 60 8
84 61 6
84 62 12
84 63 20
84 66 12
84 69 15
84 70 16
84 71 3
84 72 10
84 73 2
84 74 16
84 76 11
84 77 2
84 78 12
84 79 12
84 81 7
84 82 14
84 83 13
84 86 5
84 87 12
84 90 18
84 91 9
84 92 11
84 93 8
84 94 6
84 95 13
84 98 4
84 99 2
85 1 6
85 5 5
85 7 2
85 9 4
85 10 6
85 11 14
85 12 20
85 13 6
85 18 19
85 19 15
85 22 9
85 23 5
85 25 8
85 27 13
85 28 19
85 30 15
85 31 11
85 34 15
85 37 11
85 38 20
85 39 13
85 41 3
85 43 13
85 44 19
85 45 9
85 46 13
85 48 1
85 49 7
85 52 15
85 54 8
85 56 18
85 57 20
85 64 4
85 65 16
85 70 15
85 72 13
85 74 3
85 76 13
85 77 4
85 78 6
85 79 2
85 82 4
85 84 7
85 87 7
85 88 6
85 90 13
85 91 19
85 92 17
85 93 7
85 94 6
85 96 13
85 97 8
86 4 18
86 5 16
86 6 12
86 15 1
86 18 11
86 19 9
86 20 3
86 22 16
86 23 19
86 25 16
86 26 18
86 28 18
86 30 2
86 31 11
86 32 12
86 33 20
86 34 15
86 35 15
86 37 9
86 38 19
86 41 10
86 44 6
86 46 7
86 47 6
86 49 5
86 50 12
86 52 18
86 53 5
86 54 18
86 55 16
86 56 1
86 59 1
86 62 13
86 64 11
86 67 16
86 69 16
86 70 6
86 72 17
86 74 7
86 76 20
86 77 18
86 80 16
86 89 6
86 90 2
86 91 8
86 92 11
86 94 9
86 96 13
86 97 5
86 98 15
86 99 3
87 0 11
87 2 8
87 6 15
87 8 20
87 9 17
87 10 6
87 11 19
87 15 8
87 17 7
87 18 1
87 19 19
87 20 2
87 21 14
87 24 20
87 27 3
87 31 16
87 32 3
87 33 7
87 34 2
87 35 8
87 36 5
87 38 13
87 39 3
87 40 14
87 41 1
87 42 14
87 46 17
87 47 8
87 48 9
87 50 14
87 57 11
87 59 11
87 61 4
87 63 14
87 64 10
87 65 18
87 66 20
87 69 15
87 73 5
87 76 4
87 79 12
87 83 11
87 84 11
87 90 13
87 92 3
87 94 15
87 96 2
87 98 8
87 99 1
88 0 5
88 1 14
88 2 8
88 5 5
88 6 7
88 8 11
88 9 4
88 10 20
88 11 3
88 13 19
88 14 2
88 16 20
88 18 6
88 20 15
88 23 3
88 24 10
88 27 2
88 28 2
88 31 15
88 32 8
88 35 12
88 36 19
88 38 7
88 39 19
88 42 10
88 43 13
88 50 16
88 51 17
88 52 9
88 53 2
88 56 14
88 60 1
88 64 16
88 67 19
88 68 12
88 70 3
88 71 20
88 74 20
88 75 18
88 76 6
88 77 10
88 78 11
88 80 4
88 81 14
88 82 7
88 83 18
88 84 20
88 87 7
88 89 6
88 90 18
88 91 15
88 92 14
88 95 6
88 97 16
88 98 14
88 99 14
89 0 18
89 1 11
89 2 19
89 5 16
89 9 14
89 10 14
89 12 11
89 14 20
89 15 15
89 17 17
89 18 15
89 21 12
89 23 10
89 25 9
89 27 3
89 30 3
89 33 11
89 35 19
89 37 20
89 39 19
89 40 14
89 41 7
89 43 15
89 44 7
89 45 13
89 46 9
89 49 4
89 50 9
89 51 14
89 52 14
89 53 20
89 54 16
89 55 9
89 58 17
89 59 4
89 61 14
89 65 15
89 66 20
89 67 16
89 69 18
89 72 17
89 75 16
89 76 8
89 78 17
89 79 6
89 82 19
89 83 3
89 85 4
89 87 7
89 91 12
89 92 4
89 96 18
89 97 9
89 98 18
89 99 4
90 0 15
90 1 10
90 2 13
90 4 10
90 10 15
90 13 16
90 16 13
90 17 13
90 18 19
90 19 18
90 20 1
90 24 13
90 30 1
90 32 15
90 35 14
90 39 20
90 42 16
90 44 2
90 47 12
90 48 9
90 50 1
90 52 3
90 53 10
90 54 5
90 56 18
90 57 12
90 58 7
90 61 8
90 64 7
90 66 5
90 68 7
90 69 7
90 70 2
90 72 7
90 73 4
90 74 14
90 75 15
90 78 7
90 81 7
90 82 2
90 83 1
90 86 15
90 87 7
90 88 16
90 91 7
90 92 6
90 96 15
91 0 13
91 1 6
91 3 4
91 4 16
91 5 6
91 8 13
91 9 3
91 10 3
91 14 1
91 15 10
91 17 19
91 18 17
91 20 11
91 22 5
91 23 16
91 24 12
91 25 2
91 28 3
91 30 16
91 31 4
91 33 16
91 34 20
91 35 10
91 36 19
91 37 4
91 38 18
91 41 6
91 42 17
91 43 6
91 47 1
91 52 11
91 53 4
91 55 19
91 56 16
91 59 3
91 61 18
91 63 1
91 64 13
91 68 16
91 69 19
91 74 11
91 78 20
91 80 17
91 82 15
91 86 19
91 87 7
91 89 19
91 90 12
91 92 13
91 93 14
91 94 18
91 95 1
91 96 19
91 97 11
91 99 11
92 0 1
92 1 19
92 3 12
92 6 19
92 11 4
92 12 1
92 14 19
92 20 14
92 21 10
92 25 4
92 26 20
92 27 8
92 28 13
92 31 12
92 32 8
92 33 5
92 34 5
92 35 14
92 36 16
92 37 16
92 39 20
92 40 11
92 42 8
92 46 1
92 51 16
92 54 2
92 56 17
92 60 5
92 62 1
92 63 12
92 65 1
92 68 1
92 69 7
92 73 1
92 74 16
92 78 16
92 81 1
92 82 9
92 83 7
92 86 9
92 87 5
92 94 7
92 95 19
92 97 14
92 99 19
93 0 19
93 1 3
93 3 6
93 8 14
93 10 19
93 13 6
93 14 14
93 16 5
93 17 14
93 19 15
93 20 9
93 27 14
93 28 10
93 29 13
93 31 9
93 33 20
93 38 19
93 40 13
93 42 5
93 43 15
93 44 14
93 47 2
93 50 17
93 51 14
93 55 16
93 58 20
93 63 18
93 65 17
93 66 5
93 69 1
93 70 19
93 73 16
93 74 1
93 75 14
93 77 16
93 78 16
93 81 18
93 83 9
93 84 9
93 85 7
93 90 8
93 91 1
93 92 15
93 94 17
93 97 4
93 98 12
94 4 7
94 5 16
94 6 4
94 7 8
94 8 3
94 10 3
94 13 11
94 14 9
94 15 6
94 20 10
94 23 2
94 24 8
94 25 10
94 27 17
94 29 5
94 31 19
94 33 10
94 35 10
94 38 7
94 39 5
94 40 15
94 43 6
94 44 8
94 53 13
94 56 12
94 57 15
94 59 8
94 60 6
94 61 4
94 63 6
94 65 8
94 66 2
94 69 14
94 70 17
94 71 6
94 73 2
94 74 14
94 75 14
94 76 15
94 77 13
94 78 4
94 81 12
94 82 3
94 83 11
94 85 14
94 86 10
94 87 15
94 88 9
94 89 11
94 90 4
94 91 14
94 97 3
94 98 9
94 99 14
95 1 6
95 3 1
95 4 3
95 6 4
95 9 2
95 13 17
95 15 6
95 17 3
95 19 14
95 20 1
95 21 7
95 22 15
95 23 5
95 24 11
95 25 1
95 26 17
95 27 4
95 29 6
95 30 2
95 31 20
95 32 11
95 35 3
95 38 19
95 39 13
95 42 7
95 43 5
95 44 13
95 45 2
95 46 7
95 47 1
95 49 5
95 54 17
95 58 4
95 59 1
95 61 2
95 63 4
95 65 8
95 69 20
95 70 8
95 76 17
95 79 17
95 85 3
95 88 10
95 89 2
95 90 18
95 91 18
95 93 12
95 96 2
95 97 16
96 0 3
96 3 4
96 6 1
96 7 19
96 8 10
96 10 4
96 11 5
96 13 2
96 16 8
96 17 16
96 20 5
96 21 17
96 24 18
96 26 13
96 27 5
96 30 5
96 31 19
96 33 10
96 39 10
96 41 4
96 44 11
96 46 10
96 47 6
96 49 14
96 50 14
96 53 7
96 56 20
96 59 10
96 60 5
96 62 18
96 63 16
96 65 10
96 68 13
96 71 12
96 72 5
96 74 1
96 76 11
96 78 8
96 79 13
96 80 17
96 84 18
96 85 1
96 87 5
96 88 10
96 91 14
96 92 8
96 93 17
96 95 12
96 97 17
96 99 20
97 1 10
97 6 16
97 7 14
97 8 16
97 9 13
97 10 5
97 11 19
97 13 9
97 14 5
97 16 1
97 19 4
97 21 11
97 23 6
97 24 12
97 25 9
97 29 1
97 31 10
97 32 6
97 34 19
97 37 2
97 39 2
97 43 8
97 51 2
97 52 8
97 53 10
97 55 6
97 56 7
97 57 18
97 59 2
97 61 16
97 62 16
97 65 1
97 66 15
97 70 13
97 71 17
97 72 4
97 75 14
97 76 19
97 77 4
97 79 4
97 80 11
97 82 5
97 84 18
97 87 14
97 89 3
97 90 16
97 91 1
97 92 16
97 93 11
97 96 1
97 98 4
97 99 15
98 0 10
98 3 8
98 6 9
98 8 5
98 9 8
98 15 1
98 16 15
98 17 11
98 19 2
98 20 12
98 23 12
98 24 10
98 25 16
98 28 8
98 29 1
98 30 9
98 34 11
98 36 16
98 37 9
98 38 7
98 39 5
98 44 15
98 49 15
98 53 7
98 54 4
98 55 17
98 59 16
98 61 6
98 64 14
98 65 6
98 66 3
98 67 15
98 68 9
98 73 11
98 76 8
98 77 17
98 80 18
98 82 1
98 85 18
98 87 17
98 89 16
98 90 4
98 95 4
98 96 17
98 97 4
98 99 20
99 1 10
99 5 6
99 7 13
99 13 6
99 18 20
99 20 11
99 22 2
99 23 17
99 26 13
99 30 18
99 33 8
99 34 1
99 35 17
99 36 19
99 38 1
99 39 4
99 40 15
99 43 5
99 44 8
99 45 15
99 46 6
99 49 16
99 50 5
99 51 2
99 52 11
99 53 9
99 58 8
99 59 15
99 62 18
99 63 5
99 64 12
99 65 14
99 73 15
99 74 6
99 78 16
99 79 17
99 81 18
99 85 6
99 86 2
99 89 12
99 90 20
99 91 5
99 93 2
99 95 4
0 99
